List of Turkish provinces by GDP


# List of Turkish provinces by GDP



This is a **list of Turkish provinces by GDP** and GDP per capita.


## List of provinces by GDP

Provinces by GDP in 2021 according to data by the Turkish Statistical Institute.

List of provinces in Turkey by GDP in 2021 (millions of GDP)
| Average annual exchange rate in 2021: TRY 8.9808 per U.S. dollar | | | |
| --- | --- | --- | --- |
| Rank | Provinces | GDP (TRY) | GDP (US$) | Share (%) |
| 1 | Istanbul | 2,202,156 | 276,207 | 30.38 |
| 2 | Ankara | 667,142 | 74,285 | 9.20 |
| 3 | İzmir | 462,151 | 51,460 | 6.38 |
| 4 | Kocaeli | 309,314 | 34,442 | 4.27 |
| 5 | Bursa | 302,121 | 33,641 | 4.17 |
| 6 | Antalya | 208,472 | 23,213 | 2.88 |
| 7 | Konya | 149,229 | 16,616 | 2.06 |
| 8 | Gaziantep | 148,588 | 16,545 | 2.05 |
| 9 | Tekirdağ | 145,716 | 16,225 | 2.01 |
| 10 | Adana | 141,673 | 15,775 | 1.95 |
| 11 | Mersin | 139,761 | 15,562 | 1.93 |
| 12 | Manisa | 122,438 | 13,633 | 1.69 |
| 13 | Kayseri | 107,378 | 11,956 | 1.49 |
| 14 | Hatay | 101,462 | 11,298 | 1.40 |
| 15 | Balıkesir | 90,054 | 10,027 | 1.24 |
| 16 | Muğla | 84,810 | 9,444 | 1.17 |
| 17 | Sakarya | 81,740 | 9,102 | 1.13 |
| 18 | Eskişehir | 81,527 | 9,078 | 1.12 |
| 19 | Denizli | 81,382 | 9,062 | 1.12 |
| 20 | Samsun | 74,830 | 8,332 | 1.03 |
| 21 | Aydın | 65,204 | 7,260 | 0.90 |
| 22 | Kahramanmaraş | 63,004 | 7,015 | 0.87 |
| 23 | Diyarbakır | 62,494 | 6,959 | 0.86 |
| 24 | Şanlıurfa | 57,589 | 6,413 | 0.80 |
| 25 | Çanakkale | 49,142 | 5,472 | 0.68 |
| 26 | Trabzon | 43,979 | 4,897 | 0.61 |
| 27 | Mardin | 42,541 | 4,737 | 0.59 |
| 28 | Zonguldak | 42,031 | 4,680 | 0.58 |
| 29 | Afyonkarahisar | 40,975 | 4,563 | 0.57 |
| 30 | Malatya | 38,831 | 4,324 | 0.54 |
| 31 | Kütahya | 38,655 | 4,304 | 0.53 |
| 32 | Sivas | 36,080 | 4,018 | 0.50 |
| 33 | Kırklareli | 35,220 | 3,922 | 0.49 |
| 34 | Erzurum | 35,185 | 3,918 | 0.49 |
| 35 | Elazığ | 33,124 | 3,688 | 0.46 |
| 36 | Ordu | 33,093 | 3,685 | 0.46 |
| 37 | Van | 31,824 | 3,544 | 0.44 |
| 38 | Osmaniye | 30,946 | 3,446 | 0.43 |
| 39 | Düzce | 30,547 | 3,041 | 0.42 |
| 40 | Yalova | 29,308 | 3,263 | 0.40 |
| 41 | Bolu | 29,265 | 3,259 | 0.40 |
| 42 | Edirne | 28,029 | 3,121 | 0.39 |
| 43 | Uşak | 27,670 | 3,081 | 0.38 |
| 44 | Aksaray | 27,622 | 3,076 | 0.38 |
| 45 | Isparta | 27,333 | 3,044 | 0.38 |
| 46 | Çorum | 25,758 | 2,868 | 0.36 |
| 47 | Kastamonu | 25,542 | 2,844 | 0.35 |
| 48 | Şırnak | 24,415 | 2,719 | 0.34 |
| 49 | Tokat | 24,396 | 2,717 | 0.34 |
| 50 | Adıyaman | 23,236 | 2,587 | 0.32 |
| 51 | Bilecik | 23,515 | 2,618 | 0.32 |
| 52 | Batman | 22,798 | 2,539 | 0.32 |
| 53 | Giresun | 21,234 | 2,364 | 0.29 |
| 54 | Rize | 20,209 | 2,250 | 0.28 |
| 55 | Erzincan | 20,019 | 2,229 | 0.28 |
| 56 | Niğde | 19,603 | 2,183 | 0.27 |
| 57 | Kırıkkale | 18,663 | 2,078 | 0.26 |
| 58 | Yozgat | 18,313 | 2,039 | 0.25 |
| 59 | Karaman | 18,109 | 2,016 | 0.25 |
| 60 | Burdur | 18,025 | 2,007 | 0.25 |
| 61 | Amasya | 17,699 | 1,971 | 0.24 |
| 62 | Karabük | 17,120 | 1,906 | 0.24 |
| 63 | Nevşehir | 15,807 | 1,760 | 0.22 |
| 64 | Artvin | 15,303 | 1,704 | 0.21 |
| 65 | Muş | 14,279 | 1,590 | 0.20 |
| 66 | Ağrı | 14,225 | 1,584 | 0.20 |
| 67 | Kırşehir | 13,959 | 1,554 | 0.19 |
| 68 | Çankırı | 13,907 | 1,549 | 0.19 |
| 69 | Siirt | 13,165 | 1,466 | 0.18 |
| 70 | Hakkâri | 12,407 | 1,382 | 0.17 |
| 71 | Bitlis | 12,256 | 1,365 | 0.17 |
| 72 | Bingöl | 12,102 | 1,348 | 0.17 |
| 73 | Kars | 11,720 | 1,305 | 0.16 |
| 74 | Bartın | 10,683 | 1,190 | 0.15 |
| 75 | Sinop | 9,997 | 1,113 | 0.14 |
| 76 | Iğdır | 9,817 | 1,093 | 0.14 |
| 77 | Gümüşhane | 6,939 | 773 | 0.10 |
| 78 | Kilis | 7,007 | 780 | 0.10 |
| 79 | Tunceli | 6,099 | 679 | 0.08 |
| 80 | Ardahan | 4,968 | 553 | 0.07 |
| 81 | Bayburt | 3,861 | 430 | 0.05 |
| Turkey | **7.248,789** | 807,143 | 100 |


## List of provinces by GDP per capita

Provinces by GDP per capita in 2023 according to data by the Turkish Statistical Institute.

List of provinces in Turkey by GDP per capita in 2023
| Average annual exchange rate in 2023: TRY **23.8136** per U.S. dollar | | | |
| --- | --- | --- | --- |
| Rank | Provinces | GDP per capita (TRY) | GDP per capita (US$) | Share (%) |
| 1 | Kocaeli | 516.460 | 21,985 | 171 |
| 2 | İstanbul | 510.733 | 21,741 | 163 |
| 3 | Ankara | 438.242 | 18,655 | 144 |
| 4 | Tekirdağ | 401.683 | 17,099 | 131 |
| 5 | İzmir | 361.046 | 15,369 | 124 |
| 6 | Bilecik | 352.710 | 15,014 | 117 |
| 7 | Yalova | 348.704 | 14,844 | 114 |
| 8 | Antalya | 348.336 | 14,828 | 112 |
| 9 | Kırklareli | 336.253 | 14,314 | 109 |
| 10 | Bursa | 326.936 | 13,917 | 108 |
| 11 | Bolu | 326.869 | 13,914 | 106 |
| 12 | Muğla | 326.863 | 13,914 | 106 |
| 13 | Eskişehir | 321.515 | 13,686 | 104 |
| 14 | Çanakkale | 311.110 | 12,923 | 104 |
| 15 | Manisa | 303.589 | 12,155 | 96 |
| 16 | Sakarya | 285.550 | 12,131 | 95 |
| 17 | Mersin | 284.969 | 12,025 | 93 |
| 18 | Karaman | 282.490 | 11,952 | 92 |
| 19 | Düzce | 280.777 | 11,512 | 90 |
| 20 | Kırıkkale | 270.427 | 11,191 | 89 |
| 21 | Balıkesir | 262.890 | 11,062 | 89 |
| 22 | Kayseri | 259.858 | 10,996 | 88 |
| 23 | Denizli | 258.312 | 10,803 | 85 |
| 24 | Tunceli | 253.788 | 10,790 | 84 |
| 25 | Edirne | 253.482 | 10,676 | 84 |
| 26 | Aksaray | 250.798 | 10,563 | 84 |
| 27 | Erzincan | 248.137 | 10,550 | 87 |
| 28 | Çankırı | 247.832 | 10,362 | 83 |
| 29 | Burdur | 243.413 | 10,324 | 82 |
| 30 | Konya | 242.521 | 10,313 | 79 |
| 31 | Adana | 242.258 | 10,284 | 79 |
| 32 | Zonguldak | 241.597 | 9,937 | 79 |
| 33 | Kütahya | 233.442 | 9,887 | 77 |
| 34 | Gaziantep | 232.272 | 9,880 | 77 |
| 35 | Isparta | 232.100 | 9,849 | 76 |
| 36 | Kastamonu | 231.362 | 9,774 | 76 |
| 37 | Uşak | 229.612 | 9,689 | 74 |
| 38 | Artvin | 227.619 | 9,620 | 73 |
| 39 | Aydın | 225.996 | 9,490 | 71 |
| 40 | Samsun | 222.947 | 9,189 | 71 |
| 41 | Kırşehir | 215.872 | 9,140 | 69 |
| 42 | Nevşehir | 214.705 | 9,114 | 69 |
| 43 | Kilis | 214.111 | 8,978 | 67 |
| 44 | Karabük | 210.902 | 8,968 | 66 |
| 45 | Ardahan | 210.665 | 8,917 | 66 |
| 46 | Hatay | 209.470 | 8,843 | 65 |
| 47 | Afyonkarahisar | 207.748 | 8,637 | 65 |
| 48 | Kahramanmaraş | 202.889 | 8,563 | 64 |
| 49 | Niğde | 201.155 | 8,563 | 64 |
| 50 | Sivas | 201.152 | 8,385 | 64 |
| 51 | Elazığ | 196.988 | 8,331 | 63 |
| 52 | Amasya | 195.705 | 8,309 | 61 |
| 53 | Trabzon | 195.199 | 8,089 | 60 |
| 54 | Rize | 190.012 | 8,027 | 58 |
| 55 | Osmaniye | 188.575 | 7,878 | 58 |
| 56 | Bartın | 185.073 | 7,830 | 58 |
| 57 | Çorum | 183.934 | 7,824 | 57 |
| 58 | Sinop | 183.788 | 7,817 | 57 |
| 59 | Malatya | 183.637 | 7,794 | 57 |
| 60 | Şırnak | 183.090 | 7,555 | 55 |
| 61 | Erzurum | 177.490 | 7,365 | 53 |
| 62 | Yozgat | 173.009 | 7,266 | 53 |
| 63 | Mardin | 170.700 | 7,236 | 52 |
| 64 | Hakkari | 169.974 | 6,861 | 51 |
| 65 | Siirt | 161.172 | 6,702 | 50 |
| 66 | Giresun | 157.447 | 6,695 | 49 |
| 67 | Ordu | 157.272 | 6,651 | 48 |
| 68 | Bayburt | 156.247 | 6,606 | 48 |
| 69 | Adıyaman | 155.192 | 6,564 | 48 |
| 70 | Iğdır | 154.203 | 6,554 | 46 |
| 71 | Kars | 153.966 | 6,545 | 45 |
| 72 | Gümüşhane | 153.764 | 6,416 | 45 |
| 73 | Bingöl | 150.723 | 6,165 | 45 |
| 74 | Tokat | 144.815 | 6,106 | 44 |
| 75 | Batman | 143.435 | 5,866 | 44 |
| 76 | Diyarbakır | 137.793 | 5,762 | 41 |
| 77 | Muş | 135.358 | 5,634 | 41 |
| 78 | Bitlis | 132.342 | 5,550 | 38 |
| 79 | Şanlıurfa | 130.382 | 4,971 | 36 |
| 80 | Ağrı | 116.767 | 4,706 | 31 |
| 81 | Van | 110.553 | 4,598 | 31 |
| Turkey | **311,110** | **13,243** | 100 |

