List of countries by past and projected GDP (PPP) per capita


# List of countries by past and projected GDP (PPP) per capita



This is an alphabetical **list of countries by past and projected Gross Domestic Product per capita**, based on the Purchasing Power Parity (PPP) methodology, not on official exchange rates. Values are given in International Dollars. These figures have been taken from the International Monetary Fund's World Economic Outlook (WEO) Database, October 2024 edition.


## IMF estimates between 1980 and 1989

IMF estimates between 1980 and 1989
| Country (or dependent territory) | 1980 | 1981 | 1982 | 1983 | 1984 | 1985 | 1986 | 1987 | 1988 | 1989 |
| --- | --- | --- | --- | --- | --- | --- | --- | --- | --- | --- |
| Afghanistan |
| Albania | 2,135 | 2,421 | 2,590 | 2,664 | 2,757 | 2,744 | 2,900 | 2,890 | 2,894 | 3,215 |
| Algeria | 4,173 | 4,563 | 4,995 | 5,297 | 5,615 | 5,835 | 5,784 | 5,735 | 5,655 | 6,009 |
| Andorra |
| Angola | 1,510 | 1,539 | 1,592 | 1,680 | 1,797 | 1,703 | 1,738 | 1,808 | 1,934 | 1,957 |
| Antigua and Barbuda | 3,425 | 3,923 | 4,211 | 4,677 | 5,426 | 6,128 | 7,093 | 7,887 | 8,721 | 9,627 |
| Argentina | 7,178 | 7,276 | 7,358 | 7,821 | 8,127 | 7,670 | 8,277 | 8,598 | 8,622 | 8,230 |
| Armenia |
| Aruba | 11,187 | 13,459 | 16,437 | 18,760 |
| Australia | 10,278 | 11,530 | 12,050 | 12,306 | 13,391 | 14,364 | 14,790 | 15,650 | 16,595 | 17,779 |
| Austria | 12,287 | 13,409 | 14,491 | 15,527 | 16,139 | 17,011 | 17,741 | 18,462 | 19,272 | 20,757 |
| Azerbaijan |
| Bahamas | 12,882 | 13,436 | 14,818 | 16,079 | 16,686 | 17,688 | 18,199 | 19,018 | 19,722 | 20,613 |
| Bahrain | 18,582 | 20,102 | 21,916 | 23,564 | 24,607 | 24,312 | 24,072 | 23,528 | 24,911 | 25,241 |
| Bangladesh | 648 | 717 | 759 | 800 | 849 | 881 | 912 | 945 | 974 | 1,012 |
| Barbados | 5,962 | 6,379 | 6,422 | 6,689 | 7,161 | 7,448 | 7,960 | 8,341 | 8,905 | 9,553 |
| Belarus |
| Belgium | 11,587 | 12,638 | 13,511 | 14,078 | 14,954 | 15,674 | 16,279 | 17,057 | 18,472 | 19,759 |
| Belize | 1,577 | 1,726 | 1,664 | 1,784 | 2,003 | 1,982 | 2,108 | 2,568 | 2,889 | 3,379 |
| Benin | 1,000 | 1,078 | 1,130 | 1,114 | 1,124 | 1,170 | 1,189 | 1,157 | 1,200 | 1,177 |
| Bhutan | 592 | 717 | 803 | 875 | 952 | 997 | 1,064 | 1,266 | 1,462 | 1,573 |
| Bolivia | 2,431 | 2,465 | 2,463 | 2,406 | 2,437 | 2,421 | 2,357 | 2,424 | 2,530 | 2,673 |
| Bosnia and Herzegovina |
| Botswana | 2,009 | 2,335 | 2,771 | 3,077 | 3,274 | 3,509 | 3,749 | 4,258 | 5,249 | 5,509 |
| Brazil | 4,428 | 4,532 | 4,737 | 4,654 | 4,972 | 5,421 | 5,829 | 6,070 | 6,186 | 6,518 |
| Brunei | 43,359 | 42,194 | 42,694 | 43,277 | 43,606 |
| Bulgaria | 5,076 | 5,833 | 6,435 | 6,871 | 7,433 | 7,801 | 8,382 | 9,006 | 9,573 | 9,942 |
| Burkina Faso | 386 | 423 | 445 | 445 | 457 | 511 | 547 | 544 | 581 | 600 |
| Burundi | 375 | 448 | 457 | 478 | 482 | 540 | 553 | 581 | 614 | 628 |
| Cape Verde | 860 | 1,006 | 1,078 | 1,203 | 1,266 | 1,390 | 1,428 | 1,495 | 1,607 | 1,727 |
| Cambodia | 633 | 698 | 727 |
| Cameroon | 1,310 | 1,631 | 1,812 | 1,958 | 2,123 | 2,306 | 2,445 | 2,384 | 2,209 | 2,188 |
| Canada | 11,863 | 13,270 | 13,481 | 14,225 | 15,461 | 16,552 | 17,075 | 17,983 | 19,182 | 20,052 |
| Central African Republic | 514 | 616 | 616 | 587 | 652 | 680 | 718 | 721 | 747 | 785 |
| Chad | 498 | 476 | 521 | 611 | 650 | 704 | 739 | 761 | 820 | 841 |
| Chile | 3,479 | 3,979 | 3,592 | 3,571 | 3,857 | 3,995 | 4,228 | 4,538 | 4,956 | 5,602 |
| China | 275 | 312 | 355 | 403 | 475 | 549 | 600 | 676 | 766 | 817 |
| Colombia | 2,802 | 3,069 | 3,218 | 3,325 | 3,487 | 3,734 | 3,949 | 4,177 | 4,408 | 4,641 |
| Comoros | 1,130 | 1,273 | 1,373 | 1,437 | 1,536 | 1,585 | 1,606 | 1,634 | 1,727 | 1,729 |
| Democratic Republic of the Congo | 985 | 1,054 | 1,078 | 1,100 | 1,157 | 1,161 | 1,200 | 1,223 | 1,231 | 1,223 |
| Republic of the Congo | 1,623 | 1,768 | 1,865 | 1,925 | 1,980 | 2,029 | 2,055 | 2,090 | 2,559 | 3,034 |
| Costa Rica | 4,174 | 4,334 | 4,142 | 4,302 | 4,678 | 4,719 | 4,932 | 5,149 | 5,367 | 5,743 |
| Ivory Coast | 2,583 | 2,861 | 2,930 | 2,825 | 2,790 | 2,871 | 2,954 | 2,899 | 3,008 | 3,092 |
| Croatia |
| Cyprus | 6,088 | 6,782 | 7,568 | 8,175 | 9,094 | 9,713 | 10,143 | 11,016 | 12,225 | 13,533 |
| Czech Republic |
| Denmark | 12,427 | 13,497 | 14,903 | 15,905 | 17,209 | 18,494 | 19,740 | 20,290 | 21,044 | 22,019 |
| Djibouti |
| Dominica | 2,173 | 2,411 | 2,579 | 2,794 | 2,934 | 3,217 | 3,517 | 3,940 | 4,101 |
| Dominican Republic | 2,520 | 2,812 | 2,967 | 3,152 | 3,229 | 3,183 | 3,280 | 3,613 | 3,732 | 3,961 |
| Ecuador | 3,103 | 3,431 | 3,585 | 3,522 | 3,701 | 3,883 | 3,980 | 3,740 | 4,169 | 4,240 |
| Egypt | 2,170 | 2,361 | 2,618 | 2,883 | 3,140 | 3,382 | 3,523 | 3,683 | 3,886 | 4,069 |
| El Salvador | 2,305 | 2,352 | 2,321 | 2,435 | 2,541 | 2,616 | 2,647 | 2,748 | 2,858 | 2,952 |
| Equatorial Guinea | 335 | 367 | 370 | 373 | 363 | 398 | 379 | 391 | 403 | 401 |
| Eritrea |
| Estonia |
| Eswatini | 1,588 | 1,796 | 1,868 | 1,865 | 1,912 | 1,942 | 2,270 | 2,474 | 2,665 | 2,936 |
| Ethiopia | 367 | 393 | 409 | 445 | 436 | 386 | 418 | 472 | 476 | 476 |
| Fiji | 2,972 | 3,366 | 3,445 | 3,344 | 3,734 | 3,650 | 3,932 | 3,725 | 3,985 | 4,624 |
| Finland | 9,996 | 11,045 | 12,028 | 12,810 | 13,620 | 14,477 | 15,119 | 15,996 | 17,377 | 18,917 |
| France | 11,031 | 12,150 | 13,137 | 13,744 | 14,413 | 15,046 | 15,633 | 16,352 | 17,629 | 19,057 |
| Gabon | 7,947 | 8,172 | 8,838 | 9,166 | 9,748 | 10,410 | 10,173 | 8,630 | 9,048 | 10,620 |
| Gambia | 1,083 | 1,010 | 1,249 | 1,416 | 1,302 | 1,338 | 1,342 | 1,358 | 1,374 | 1,431 |
| Georgia |
| Germany | 12,003 | 13,129 | 13,840 | 14,657 | 15,678 | 16,570 | 17,300 | 17,986 | 19,199 | 20,527 |
| Ghana | 1,070 | 1,101 | 1,046 | 995 | 1,055 | 1,133 | 1,200 | 1,282 | 1,381 | 1,465 |
| Greece | 9,491 | 10,105 | 10,546 | 10,771 | 11,325 | 11,919 | 12,186 | 12,161 | 13,090 | 14,061 |
| Grenada | 2,306 | 2,514 | 2,704 | 2,815 | 2,956 | 3,185 | 3,480 | 3,919 | 4,231 | 4,618 |
| Guatemala | 3,163 | 3,398 | 3,394 | 3,352 | 3,403 | 3,403 | 3,388 | 3,507 | 3,678 | 3,877 |
| Guinea |
| Guinea-Bissau | 707 | 754 | 817 | 804 | 860 | 907 | 897 | 952 | 985 | 1,033 |
| Guyana | 2,614 | 2,871 | 2,779 | 2,564 | 2,726 | 2,840 | 2,913 | 3,009 | 2,955 | 2,955 |
| Haiti | 1,715 | 1,864 | 1,890 | 1,900 | 1,938 | 1,978 | 1,988 | 1,992 | 2,050 | 2,064 |
| Honduras | 1,646 | 1,725 | 1,740 | 1,769 | 1,890 | 1,998 | 2,084 | 2,211 | 2,262 | 2,346 |
| Hong Kong | 6,608 | 7,715 | 8,300 | 8,990 | 10,093 | 10,354 | 11,598 | 13,359 | 14,858 | 15,641 |
| Hungary | 6,284 | 7,078 | 7,737 | 8,115 | 8,657 | 8,943 | 9,298 | 9,962 | 10,351 | 10,880 |
| Iceland | 11,767 | 13,291 | 14,239 | 14,272 | 15,211 | 16,062 | 17,298 | 19,087 | 19,471 | 19,936 |
| India | 526 | 596 | 641 | 698 | 734 | 780 | 815 | 849 | 943 | 1,016 |
| Indonesia | 1,109 | 1,281 | 1,363 | 1,447 | 1,582 | 1,663 | 1,783 | 1,910 | 2,074 | 2,305 |
| Iran | 4,241 | 4,214 | 5,303 | 5,892 | 5,456 | 5,518 | 4,887 | 4,880 | 4,631 | 4,985 |
| Iraq |
| Ireland | 8,168 | 9,052 | 9,653 | 9,889 | 10,500 | 11,008 | 11,276 | 11,956 | 12,806 | 14,140 |
| Israel | 7,630 | 8,684 | 9,187 | 9,590 | 10,026 | 10,615 | 11,041 | 11,967 | 12,621 | 13,077 |
| Italy | 11,771 | 12,705 | 13,535 | 14,220 | 15,208 | 16,121 | 16,913 | 17,887 | 19,289 | 20,710 |
| Jamaica | 3,089 | 3,469 | 3,733 | 3,961 | 4,134 | 4,163 | 4,504 | 4,935 | 4,876 | 5,295 |
| Japan | 8,800 | 9,970 | 10,857 | 11,611 | 12,480 | 13,454 | 14,102 | 15,051 | 16,549 | 17,975 |
| Jordan | 3,978 | 4,812 | 5,184 | 5,225 | 5,460 | 5,326 | 5,499 | 5,529 | 5,623 | 4,978 |
| Kazakhstan |
| Kenya | 1,379 | 1,515 | 1,630 | 1,662 | 1,692 | 1,758 | 1,859 | 1,945 | 2,064 | 2,170 |
| Kiribati | 933 | 1,063 | 1,069 | 1,026 | 1,187 | 1,032 | 1,001 | 1,014 | 1,250 | 1,174 |
| South Korea | 2,249 | 2,600 | 2,945 | 3,419 | 3,868 | 4,261 | 4,791 | 5,480 | 6,292 | 6,932 |
| Kosovo |
| Kuwait |
| Kyrgyzstan |
| Laos | 585 | 725 | 788 | 822 | 883 | 967 | 1,006 | 993 | 978 | 1,086 |
| Latvia |
| Lebanon | 7,494 | 8,075 | 5,344 | 6,733 | 9,899 | 12,445 | 11,545 | 13,473 | 9,822 | 5,786 |
| Lesotho | 466 | 512 | 560 | 584 | 646 | 670 | 692 | 696 | 757 | 810 |
| Liberia |
| Libya | 23,951 | 20,040 | 20,628 | 19,602 | 17,851 | 18,630 | 16,217 | 13,594 | 13,420 | 14,300 |
| Lithuania |
| Luxembourg | 17,415 | 19,157 | 20,535 | 21,742 | 23,572 | 25,629 | 28,623 | 30,294 | 33,725 | 38,105 |
| Macau |
| Madagascar | 948 | 911 | 924 | 944 | 969 | 985 | 998 | 1,008 | 1,051 | 1,107 |
| Malawi | 412 | 416 | 441 | 462 | 488 | 503 | 485 | 475 | 478 | 478 |
| Malaysia | 3,046 | 3,480 | 3,817 | 4,112 | 4,479 | 4,437 | 4,456 | 4,691 | 5,209 | 5,765 |
| Maldives | 2,105 | 2,393 | 2,647 | 2,771 | 3,255 | 3,675 | 3,921 | 4,264 | 4,677 | 5,178 |
| Mali | 567 | 580 | 533 | 559 | 581 | 607 | 646 | 667 | 679 | 767 |
| Malta | 6,089 | 6,786 | 7,169 | 7,369 | 7,759 | 8,127 | 8,381 | 9,014 | 9,900 | 10,912 |
| Marshall Islands |
| Mauritania |
| Mauritius | 2,012 | 2,298 | 2,543 | 2,628 | 2,824 | 3,088 | 3,431 | 3,844 | 4,221 | 4,547 |
| Mexico | 6,486 | 7,597 | 7,875 | 7,627 | 7,997 | 8,225 | 7,890 | 8,083 | 8,301 | 8,766 |
| Federated States of Micronesia |
| Moldova |
| Mongolia |
| Montenegro |
| Morocco | 1,476 | 1,531 | 1,737 | 1,753 | 1,851 | 1,983 | 2,140 | 2,088 | 2,334 | 2,426 |
| Mozambique | 197 | 221 | 214 | 184 | 175 | 181 | 179 | 211 | 237 | 261 |
| Myanmar |
| Namibia |
| Nauru |
| Nepal | 491 | 569 | 613 | 604 | 671 | 718 | 749 | 764 | 834 | 884 |
| Netherlands | 12,159 | 13,132 | 13,690 | 14,422 | 15,349 | 16,189 | 16,942 | 17,580 | 18,905 | 20,402 |
| New Zealand | 9,766 | 10,948 | 11,867 | 12,200 | 13,372 | 13,828 | 14,233 | 14,809 | 15,275 | 15,779 |
| Nicaragua |
| Niger | 635 | 670 | 703 | 679 | 566 | 608 | 639 | 635 | 681 | 693 |
| Nigeria |
| North Macedonia |
| Norway | 13,391 | 14,839 | 15,734 | 16,951 | 18,574 | 20,161 | 21,322 | 22,105 | 22,705 | 23,770 |
| Oman | 6,701 | 7,928 | 9,387 | 10,502 | 11,567 | 13,666 | 13,350 | 12,362 | 13,470 | 13,615 |
| Pakistan | 929 | 1,049 | 1,164 | 1,256 | 1,316 | 1,436 | 1,517 | 1,603 | 1,721 | 1,828 |
| Palau |
| Panama | 4,909 | 5,729 | 6,259 | 6,070 | 6,314 | 6,684 | 6,909 | 6,804 | 5,973 | 6,174 |
| Papua New Guinea | 1,074 | 1,158 | 1,212 | 1,274 | 1,279 | 1,333 | 1,408 | 1,504 | 1,556 | 1,528 |
| Paraguay | 3,379 | 3,920 | 3,985 | 3,898 | 4,032 | 4,195 | 4,158 | 4,298 | 4,567 | 4,868 |
| Peru | 2,948 | 3,320 | 3,429 | 3,155 | 3,315 | 3,412 | 3,815 | 4,119 | 3,778 | 3,328 |
| Philippines | 1,784 | 1,970 | 2,114 | 2,183 | 2,046 | 1,909 | 1,966 | 2,050 | 2,216 | 2,389 |
| Poland | 4,833 | 4,719 | 4,724 | 5,112 | 5,231 | 5,564 | 5,838 | 6,089 | 6,505 | 7,010 |
| Portugal | 6,484 | 7,284 | 7,854 | 8,202 | 8,377 | 8,760 | 9,224 | 10,177 | 11,110 | 12,332 |
| Puerto Rico | 6,292 | 6,904 | 7,047 | 7,292 | 8,033 | 8,377 | 9,152 | 9,739 | 10,625 | 11,460 |
| Qatar | 56,086 | 54,463 | 49,289 | 45,257 | 50,989 | 43,310 | 43,626 | 43,280 | 45,085 | 47,486 |
| Romania | 5,295 | 5,768 | 6,333 | 6,948 | 7,599 | 7,797 | 8,102 | 8,321 | 8,527 | 8,317 |
| Russia |
| Rwanda | 420 | 454 | 453 | 481 | 550 | 573 | 596 | 589 | 590 | 559 |
| Samoa |
| San Marino |
| São Tomé and Príncipe | 1,551 | 1,492 | 1,598 | 1,560 | 1,481 | 1,626 | 1,521 | 1,472 | 1,511 | 1,573 |
| Saudi Arabia | 37,232 | 39,970 | 33,907 | 29,866 | 28,288 | 25,788 | 25,306 | 23,923 | 25,143 | 24,987 |
| Senegal | 1,023 | 1,145 | 1,276 | 1,220 | 1,273 | 1,317 | 1,344 | 1,418 | 1,416 | 1,485 |
| Serbia |
| Seychelles | 4,231 | 4,398 | 4,547 | 4,701 | 5,051 | 5,700 | 5,823 | 5,998 | 6,516 | 7,423 |
| Sierra Leone | 1,354 | 1,474 | 1,560 | 1,559 | 1,634 | 1,541 | 1,540 | 1,581 | 1,635 | 1,743 |
| Singapore | 8,842 | 10,222 | 11,126 | 12,389 | 13,703 | 14,029 | 14,517 | 16,237 | 18,235 | 20,271 |
| Slovakia |
| Slovenia |
| Solomon Islands | 967 | 1,005 | 1,015 | 1,061 | 1,067 | 1,035 | 1,023 | 1,105 | 1,126 | 1,187 |
| Somalia |
| South Africa | 4,840 | 5,441 | 5,609 | 5,575 | 5,920 | 5,892 | 5,878 | 6,020 | 6,358 | 6,621 |
| South Sudan |
| Spain | 8,338 | 9,004 | 9,628 | 10,122 | 10,623 | 11,179 | 11,761 | 12,711 | 13,825 | 15,056 |
| Sri Lanka | 1,087 | 1,237 | 1,365 | 1,448 | 1,585 | 1,699 | 1,790 | 1,842 | 1,939 | 2,040 |
| Saint Kitts and Nevis | 2,821 | 3,181 | 3,598 | 3,678 | 4,201 | 4,638 | 5,181 | 5,786 | 6,658 | 7,394 |
| Saint Lucia | 2,430 | 2,758 | 2,952 | 3,151 | 3,477 | 3,976 | 4,569 | 4,796 | 5,579 | 6,238 |
| Saint Vincent and the Grenadines | 1,845 | 2,095 | 2,305 | 2,429 | 2,663 | 2,896 | 3,099 | 3,168 | 3,719 | 3,899 |
| Sudan | 1,103 | 1,246 | 1,339 | 1,333 | 1,245 | 1,241 | 1,354 | 1,437 | 1,522 | 1,565 |
| Suriname |
| Sweden | 10,640 | 12,168 | 13,093 | 13,881 | 14,986 | 15,790 | 16,540 | 17,442 | 18,404 | 19,477 |
| Switzerland | 18,921 | 20,946 | 21,811 | 22,671 | 24,142 | 25,718 | 26,598 | 27,516 | 29,225 | 31,463 |
| Syria | 2,073 | 2,379 | 2,508 | 2,562 | 2,402 | 2,571 | 2,418 | 2,426 | 2,739 | 2,587 |
| Taiwan | 3,291 | 3,789 | 4,143 | 4,626 | 5,197 | 5,548 | 6,248 | 7,140 | 7,893 | 8,829 |
| Tajikistan |
| Tanzania | 505 | 539 | 558 | 575 | 598 | 626 | 660 | 696 | 730 | 763 |
| Thailand | 1,598 | 1,816 | 1,994 | 2,147 | 2,311 | 2,450 | 2,590 | 2,855 | 3,290 | 3,776 |
| Timor-Leste |
| Togo | 934 | 955 | 942 | 898 | 953 | 988 | 1,009 | 978 | 1,082 | 1,137 |
| Tonga | 723 | 898 | 1,069 | 1,163 | 1,718 | 1,882 | 2,100 | 2,183 | 2,170 | 2,268 |
| Trinidad and Tobago | 6,007 | 6,769 | 7,340 | 6,733 | 6,478 | 6,324 | 6,171 | 5,979 | 5,900 | 6,037 |
| Tunisia | 2,067 | 2,322 | 2,396 | 2,545 | 2,756 | 2,909 | 2,815 | 3,013 | 3,070 | 3,214 |
| Turkey | 3,563 | 3,979 | 4,272 | 4,546 | 4,923 | 5,185 | 5,544 | 6,133 | 6,365 | 6,514 |
| Turkmenistan |
| Tuvalu |
| Uganda | 416 | 459 | 512 | 541 | 527 | 510 | 507 | 521 | 563 | 600 |
| Ukraine |
| United Arab Emirates | 64,395 | 69,914 | 64,776 | 61,670 | 61,645 | 58,847 | 46,445 | 48,115 | 40,647 | 47,047 |
| United Kingdom | 9,384 | 10,196 | 11,052 | 11,958 | 12,643 | 13,541 | 14,211 | 15,320 | 16,680 | 17,700 |
| United States | 12,553 | 13,949 | 14,405 | 15,514 | 17,086 | 18,199 | 19,035 | 20,001 | 21,376 | 22,814 |
| Uruguay | 4,809 | 5,327 | 5,092 | 4,950 | 5,021 | 5,163 | 5,630 | 6,076 | 6,285 | 6,567 |
| Uzbekistan |
| Vanuatu | 944 | 1,042 | 1,092 | 1,141 | 1,256 | 1,260 | 1,246 | 1,223 | 1,210 | 1,268 |
| Venezuela | 7,948 | 8,332 | 8,819 | 8,034 | 8,520 | 8,625 | 9,222 | 9,662 | 10,393 | 9,076 |
| Vietnam | 580 | 658 | 741 | 810 | 892 | 954 | 985 | 1,013 | 1,081 | 1,187 |
| Palestine |
| Yemen |
| Zambia | 1,248 | 1,410 | 1,408 | 1,403 | 1,386 | 1,405 | 1,415 | 1,429 | 1,569 | 1,524 |
| Zimbabwe |


## IMF estimates between 1990 and 1999

IMF estimates between 1990 and 1999
| Country (or dependent territory) | 1990 | 1991 | 1992 | 1993 | 1994 | 1995 | 1996 | 1997 | 1998 | 1999 |
| --- | --- | --- | --- | --- | --- | --- | --- | --- | --- | --- |
| Afghanistan |
| Albania | 2,948 | 2,208 | 2,108 | 2,380 | 2,676 | 2,993 | 3,346 | 3,051 | 3,379 | 3,893 |
| Algeria | 6,203 | 6,183 | 6,271 | 6,139 | 6,078 | 6,314 | 6,556 | 6,631 | 6,938 | 7,150 |
| Andorra |
| Angola | 1,909 | 2,140 | 2,360 | 2,597 | 2,840 | 3,096 | 3,391 | 3,579 | 3,667 | 3,679 |
| Antigua and Barbuda | 10,298 | 10,790 | 10,984 | 11,577 | 12,294 | 11,689 | 12,347 | 12,882 | 13,281 | 13,631 |
| Argentina | 8,251 | 9,299 | 10,350 | 11,092 | 11,838 | 11,598 | 12,316 | 13,389 | 13,904 | 13,476 |
| Armenia | 1,813 | 1,633 | 1,801 | 2,029 | 2,207 | 2,344 | 2,543 | 2,678 |
| Aruba | 19,465 | 20,932 | 21,897 | 22,526 | 23,640 | 24,055 | 23,842 | 24,969 | 25,126 | 25,483 |
| Australia | 18,466 | 18,677 | 19,397 | 20,448 | 21,688 | 22,510 | 23,564 | 24,849 | 26,035 | 27,258 |
| Austria | 22,321 | 23,666 | 24,433 | 24,877 | 25,867 | 27,047 | 28,165 | 29,217 | 30,571 | 32,043 |
| Azerbaijan | 3,810 | 2,988 | 2,416 | 2,132 | 2,203 | 2,417 | 2,565 | 2,870 |
| Bahamas | 21,252 | 20,696 | 20,009 | 20,195 | 20,912 | 21,834 | 22,781 | 23,915 | 24,910 | 26,633 |
| Bahrain | 26,868 | 27,276 | 29,397 | 31,542 | 32,386 | 32,826 | 33,616 | 34,088 | 35,203 | 36,850 |
| Bangladesh | 1,086 | 1,133 | 1,191 | 1,247 | 1,298 | 1,361 | 1,420 | 1,477 | 1,539 | 1,601 |
| Barbados | 9,550 | 9,455 | 9,088 | 9,346 | 9,702 | 10,070 | 10,621 | 11,274 | 11,783 | 11,945 |
| Belarus | 5,032 | 4,749 | 4,288 | 3,912 | 4,109 | 4,680 | 5,157 | 5,419 |
| Belgium | 21,099 | 22,125 | 22,895 | 23,106 | 24,283 | 25,308 | 26,080 | 27,462 | 28,254 | 29,607 |
| Belize | 3,789 | 4,253 | 4,751 | 5,018 | 4,987 | 4,994 | 5,012 | 5,098 | 5,165 | 5,601 |
| Benin | 1,290 | 1,348 | 1,376 | 1,426 | 1,432 | 1,519 | 1,572 | 1,643 | 1,675 | 1,720 |
| Bhutan | 1,761 | 1,913 | 2,024 | 2,175 | 2,302 | 2,507 | 2,684 | 2,837 | 2,967 | 3,135 |
| Bolivia | 2,842 | 3,030 | 3,086 | 3,202 | 3,328 | 3,487 | 3,633 | 3,804 | 3,962 | 3,958 |
| Bosnia and Herzegovina | 3,103 | 3,906 | 4,500 | 5,040 |
| Botswana | 5,994 | 6,393 | 6,340 | 6,568 | 6,481 | 6,999 | 7,132 | 7,598 | 7,403 | 7,958 |
| Brazil | 6,291 | 6,461 | 6,471 | 6,823 | 7,226 | 7,585 | 7,669 | 7,942 | 7,934 | 7,963 |
| Brunei | 44,450 | 46,110 | 48,163 | 48,315 | 49,523 | 51,686 | 52,823 | 51,680 | 50,660 | 51,708 |
| Bulgaria | 9,435 | 8,779 | 8,308 | 7,604 | 7,571 | 7,693 | 8,328 | 7,332 | 7,750 | 7,234 |
| Burkina Faso | 603 | 663 | 663 | 685 | 691 | 727 | 801 | 845 | 892 | 943 |
| Burundi | 655 | 696 | 699 | 672 | 649 | 599 | 551 | 553 | 576 | 574 |
| Cape Verde | 1,764 | 1,807 | 1,859 | 1,994 | 2,185 | 2,336 | 2,477 | 2,650 | 2,841 | 3,155 |
| Cambodia | 739 | 794 | 839 | 863 | 915 | 958 | 1,004 | 1,033 | 1,067 | 1,191 |
| Cameroon | 2,066 | 1,994 | 1,919 | 1,847 | 1,786 | 1,832 | 1,904 | 1,984 | 2,047 | 2,102 |
| Canada | 20,530 | 20,517 | 20,920 | 21,734 | 22,948 | 23,809 | 24,398 | 25,623 | 26,691 | 28,232 |
| Central African Republic | 800 | 796 | 749 | 734 | 818 | 839 | 781 | 805 | 818 | 831 |
| Chad | 872 | 964 | 978 | 949 | 990 | 970 | 975 | 1,013 | 1,058 | 1,028 |
| Chile | 5,926 | 6,485 | 7,204 | 7,737 | 8,174 | 8,959 | 9,444 | 10,178 | 10,586 | 10,574 |
| China | 868 | 965 | 1,115 | 1,285 | 1,467 | 1,645 | 1,822 | 2,005 | 2,167 | 2,347 |
| Colombia | 4,920 | 5,101 | 5,338 | 5,668 | 5,979 | 6,315 | 6,457 | 6,706 | 6,716 | 6,442 |
| Comoros | 1,874 | 1,772 | 1,900 | 1,950 | 1,871 | 1,975 | 1,959 | 2,036 | 2,016 | 2,058 |
| Democratic Republic of the Congo | 1,147 | 1,051 | 926 | 789 | 729 | 741 | 719 | 643 | 613 | 586 |
| Republic of the Congo | 3,084 | 3,206 | 3,324 | 3,350 | 3,279 | 3,388 | 3,476 | 3,430 | 3,699 | 3,518 |
| Costa Rica | 6,024 | 6,223 | 6,799 | 7,264 | 7,530 | 7,783 | 7,818 | 8,178 | 8,648 | 8,924 |
| Ivory Coast | 3,048 | 3,031 | 2,975 | 2,767 | 2,749 | 2,879 | 3,083 | 3,201 | 3,279 | 3,286 |
| Croatia | 8,853 | 8,528 | 9,428 | 10,429 | 11,141 | 11,880 | 12,430 | 12,343 |
| Cyprus | 14,769 | 14,981 | 16,326 | 16,422 | 17,395 | 19,328 | 19,596 | 20,154 | 21,341 | 22,470 |
| Czech Republic | 15,602 | 16,625 | 16,831 | 16,970 | 17,463 |
| Denmark | 23,198 | 24,279 | 25,258 | 25,744 | 27,600 | 28,929 | 30,109 | 31,453 | 32,425 | 33,741 |
| Djibouti | 2,602 | 2,641 | 2,507 | 2,510 | 2,442 | 2,344 | 2,294 | 2,256 | 2,289 |
| Dominica | 4,501 | 4,733 | 4,939 | 5,165 | 5,276 | 5,550 | 5,826 | 6,056 | 6,355 | 6,467 |
| Dominican Republic | 3,810 | 3,908 | 4,365 | 4,711 | 4,852 | 5,148 | 5,467 | 5,961 | 6,330 | 6,699 |
| Ecuador | 4,426 | 4,701 | 4,872 | 4,979 | 5,195 | 5,321 | 5,419 | 5,661 | 5,823 | 5,544 |
| Egypt | 4,282 | 4,428 | 4,450 | 4,544 | 4,741 | 4,944 | 5,172 | 5,452 | 5,813 | 6,126 |
| El Salvador | 3,155 | 3,266 | 3,526 | 3,766 | 3,983 | 4,218 | 4,294 | 4,470 | 4,607 | 4,742 |
| Equatorial Guinea | 414 | 410 | 540 | 590 | 680 | 848 | 1,270 | 3,081 | 3,738 | 4,603 |
| Eritrea | 763 | 889 | 1,109 | 1,166 | 1,300 | 1,428 | 1,465 | 1,468 |
| Estonia | 7,861 | 8,081 | 8,596 | 9,323 | 10,844 | 11,552 | 11,631 |
| Eswatini | 3,249 | 3,326 | 3,424 | 3,529 | 3,610 | 3,784 | 3,922 | 4,037 | 4,149 | 4,291 |
| Ethiopia | 491 | 455 | 410 | 460 | 470 | 494 | 554 | 563 | 531 | 557 |
| Fiji | 5,035 | 5,024 | 5,409 | 5,636 | 6,003 | 6,250 | 6,607 | 6,500 | 6,588 | 7,200 |
| Finland | 19,587 | 18,967 | 18,643 | 18,839 | 19,913 | 21,105 | 22,199 | 23,954 | 25,470 | 26,900 |
| France | 20,212 | 21,068 | 21,748 | 22,069 | 23,003 | 23,984 | 24,674 | 25,651 | 26,754 | 27,923 |
| Gabon | 11,335 | 12,048 | 11,580 | 12,031 | 12,433 | 13,000 | 13,383 | 14,044 | 14,337 | 12,917 |
| Gambia | 1,508 | 1,530 | 1,530 | 1,536 | 1,465 | 1,499 | 1,525 | 1,505 | 1,571 | 1,644 |
| Georgia | 1,920 | 2,091 | 2,440 | 2,839 | 3,041 | 3,243 |
| Germany | 22,091 | 23,675 | 24,541 | 24,739 | 25,860 | 26,748 | 27,464 | 28,442 | 29,389 | 30,448 |
| Ghana | 1,538 | 1,627 | 1,698 | 1,778 | 1,835 | 1,906 | 1,984 | 2,083 | 2,158 | 2,232 |
| Greece | 14,497 | 15,224 | 15,536 | 15,554 | 16,113 | 16,723 | 17,430 | 18,454 | 19,273 | 20,044 |
| Grenada | 5,026 | 5,262 | 5,300 | 5,261 | 5,411 | 5,593 | 5,903 | 6,265 | 7,052 | 7,621 |
| Guatemala | 4,047 | 4,195 | 4,372 | 4,511 | 4,651 | 4,838 | 4,944 | 5,113 | 5,282 | 5,425 |
| Guinea | 1,076 | 1,081 | 1,077 | 1,093 | 1,102 | 1,129 | 1,163 | 1,214 | 1,249 | 1,293 |
| Guinea-Bissau | 1,098 | 1,191 | 1,228 | 1,258 | 1,294 | 1,344 | 1,389 | 1,465 | 1,125 | 1,304 |
| Guyana | 2,998 | 3,296 | 3,631 | 4,012 | 4,427 | 4,722 | 5,170 | 5,554 | 5,498 | 5,719 |
| Haiti | 2,089 | 2,147 | 2,105 | 2,008 | 1,774 | 1,953 | 2,033 | 2,085 | 2,116 | 2,165 |
| Honduras | 2,432 | 2,362 | 2,491 | 2,641 | 2,627 | 2,769 | 2,791 | 2,886 | 2,938 | 2,876 |
| Hong Kong | 16,773 | 18,129 | 19,457 | 20,764 | 22,041 | 22,484 | 23,145 | 24,554 | 23,133 | 23,852 |
| Hungary | 10,942 | 9,968 | 9,882 | 10,067 | 10,600 | 11,111 | 11,342 | 11,923 | 12,553 | 13,156 |
| Iceland | 20,770 | 21,250 | 20,689 | 21,240 | 22,249 | 22,579 | 23,955 | 25,592 | 27,529 | 28,691 |
| India | 1,089 | 1,114 | 1,177 | 1,237 | 1,320 | 1,421 | 1,527 | 1,585 | 1,670 | 1,810 |
| Indonesia | 2,557 | 2,832 | 3,035 | 3,300 | 3,565 | 3,875 | 4,206 | 4,428 | 3,846 | 3,886 |
| Iran | 5,733 | 6,520 | 6,789 | 6,749 | 6,678 | 6,880 | 7,344 | 7,455 | 7,590 | 7,767 |
| Iraq |
| Ireland | 15,817 | 16,526 | 17,366 | 18,089 | 19,500 | 21,726 | 23,970 | 26,722 | 29,083 | 32,230 |
| Israel | 14,025 | 14,283 | 15,113 | 15,641 | 16,665 | 18,162 | 19,104 | 19,663 | 20,188 | 20,638 |
| Italy | 21,909 | 22,955 | 23,662 | 23,996 | 25,026 | 26,287 | 27,089 | 28,045 | 28,858 | 29,755 |
| Jamaica | 5,662 | 5,863 | 6,117 | 6,348 | 6,548 | 6,792 | 6,868 | 6,805 | 6,732 | 6,829 |
| Japan | 19,486 | 20,772 | 21,361 | 21,697 | 22,338 | 23,347 | 24,465 | 25,072 | 24,965 | 25,186 |
| Jordan | 4,834 | 4,476 | 5,073 | 5,142 | 5,253 | 5,453 | 5,474 | 5,625 | 5,736 | 5,876 |
| Kazakhstan | 6,828 | 6,403 | 6,115 | 5,777 | 5,986 | 6,312 | 6,359 | 6,647 |
| Kenya | 2,280 | 2,315 | 2,272 | 2,256 | 2,296 | 2,377 | 2,452 | 2,440 | 2,468 | 2,478 |
| Kiribati | 1,113 | 1,070 | 1,337 | 1,348 | 1,386 | 1,433 | 1,434 | 1,451 | 1,507 | 1,444 |
| South Korea | 7,824 | 8,872 | 9,537 | 10,330 | 11,413 | 12,644 | 13,760 | 14,722 | 14,022 | 15,739 |
| Kosovo |
| Kuwait | 36,860 | 36,769 | 35,659 | 34,744 | 34,663 | 35,484 | 33,999 |
| Kyrgyzstan | 2,490 | 2,180 | 1,778 | 1,709 | 1,835 | 2,023 | 2,058 | 2,130 |
| Laos | 1,158 | 1,209 | 1,286 | 1,355 | 1,458 | 1,554 | 1,652 | 1,758 | 1,820 | 1,886 |
| Latvia | 6,303 | 5,734 | 6,079 | 6,386 | 6,755 | 7,554 | 8,204 | 8,626 |
| Lebanon | 5,098 | 7,139 | 7,469 | 8,024 | 8,696 | 9,284 | 9,654 | 10,628 | 10,976 | 10,857 |
| Lesotho | 870 | 954 | 996 | 1,035 | 1,089 | 1,101 | 1,184 | 1,243 | 1,272 | 1,308 |
| Liberia |
| Libya | 16,332 | 19,519 | 18,629 | 17,633 | 18,229 | 15,408 | 15,669 | 15,267 | 15,059 | 15,004 |
| Lithuania | 7,098 | 7,665 | 8,506 | 9,318 | 9,409 |
| Luxembourg | 41,165 | 45,615 | 46,862 | 49,284 | 51,510 | 53,093 | 54,097 | 57,556 | 61,219 | 66,478 |
| Macau |
| Madagascar | 1,153 | 1,088 | 1,096 | 1,116 | 1,106 | 1,115 | 1,126 | 1,153 | 1,176 | 1,212 |
| Malawi | 505 | 554 | 519 | 579 | 527 | 605 | 664 | 703 | 699 | 714 |
| Malaysia | 6,248 | 6,969 | 7,550 | 8,262 | 8,969 | 9,794 | 10,692 | 11,380 | 10,391 | 10,903 |
| Maldives | 4,960 | 5,235 | 5,544 | 5,823 | 6,228 | 6,700 | 7,284 | 8,011 | 8,713 | 9,286 |
| Mali | 854 | 932 | 919 | 954 | 991 | 1,020 | 1,091 | 1,137 | 1,155 | 1,210 |
| Malta | 11,733 | 12,510 | 13,682 | 14,413 | 15,246 | 16,490 | 17,372 | 18,383 | 19,083 | 19,968 |
| Marshall Islands | 2,107 | 2,086 | 2,054 |
| Mauritania | 2,886 | 2,904 | 2,941 | 3,100 | 2,985 | 3,253 | 3,408 | 3,234 | 3,267 | 3,338 |
| Mauritius | 5,021 | 5,362 | 5,765 | 6,129 | 6,428 | 6,786 | 7,222 | 7,668 | 8,138 | 8,362 |
| Mexico | 9,389 | 9,902 | 10,295 | 10,645 | 11,152 | 10,533 | 11,211 | 12,042 | 12,749 | 13,111 |
| Federated States of Micronesia | 2,044 | 2,007 | 1,910 | 1,982 | 2,028 |
| Moldova | 5,110 | 5,182 | 3,653 | 3,681 | 3,538 | 3,669 | 3,474 | 3,409 |
| Mongolia | 3,140 | 2,877 | 2,622 | 2,575 | 2,661 | 2,847 | 2,921 | 3,045 | 3,138 | 3,234 |
| Montenegro |
| Morocco | 2,608 | 2,845 | 2,774 | 2,761 | 3,090 | 2,912 | 3,317 | 3,260 | 3,510 | 3,530 |
| Mozambique | 270 | 290 | 264 | 289 | 302 | 304 | 332 | 368 | 400 | 442 |
| Myanmar | 668 | 725 |
| Namibia | 3,995 | 4,173 | 4,496 | 4,382 | 4,474 | 4,664 | 4,766 | 4,922 | 5,011 | 5,122 |
| Nauru |
| Nepal | 936 | 1,003 | 1,039 | 1,075 | 1,159 | 1,197 | 1,257 | 1,319 | 1,347 | 1,401 |
| Netherlands | 21,920 | 23,035 | 23,746 | 24,439 | 25,540 | 26,748 | 28,041 | 29,596 | 31,147 | 32,956 |
| New Zealand | 16,181 | 16,082 | 16,390 | 17,455 | 18,573 | 19,597 | 20,446 | 21,033 | 21,171 | 22,307 |
| Nicaragua | 2,334 | 2,451 | 2,583 | 2,661 | 2,735 | 2,911 |
| Niger | 688 | 685 | 691 | 686 | 690 | 697 | 686 | 684 | 735 | 717 |
| Nigeria | 1,739 | 1,743 | 1,776 | 1,801 | 1,799 | 1,825 | 1,886 | 1,925 | 1,947 | 1,935 |
| North Macedonia | 6,470 | 6,097 | 6,084 | 6,107 | 6,250 | 6,423 | 6,683 | 7,041 |
| Norway | 25,038 | 26,532 | 27,942 | 29,244 | 31,208 | 33,023 | 35,135 | 37,454 | 38,647 | 39,713 |
| Oman | 16,904 | 17,881 | 19,152 | 20,115 | 20,678 | 21,525 | 22,009 | 23,266 | 23,700 | 23,675 |
| Pakistan | 1,927 | 2,049 | 2,196 | 2,237 | 2,325 | 2,432 | 2,575 | 2,599 | 2,655 | 2,739 |
| Palau |
| Panama | 6,784 | 7,512 | 8,139 | 8,604 | 8,853 | 9,011 | 9,652 | 10,244 | 10,894 | 11,248 |
| Papua New Guinea | 1,471 | 1,616 | 1,744 | 1,972 | 2,168 | 2,082 | 2,201 | 2,044 | 2,109 | 2,125 |
| Paraguay | 5,258 | 5,283 | 5,385 | 5,669 | 5,976 | 6,387 | 6,474 | 6,728 | 6,672 | 6,541 |
| Peru | 3,211 | 3,325 | 3,317 | 3,506 | 3,948 | 4,251 | 4,370 | 4,647 | 4,599 | 4,657 |
| Philippines | 2,495 | 2,510 | 2,519 | 2,574 | 2,682 | 2,799 | 2,871 | 3,004 | 2,948 | 3,025 |
| Poland | 6,687 | 6,412 | 6,674 | 7,104 | 7,620 | 8,303 | 8,976 | 9,770 | 10,367 | 10,987 |
| Portugal | 13,829 | 14,812 | 15,636 | 15,877 | 16,414 | 17,085 | 17,940 | 18,968 | 20,002 | 20,958 |
| Puerto Rico | 12,215 | 12,835 | 13,634 | 14,502 | 15,318 | 16,224 | 16,768 | 17,741 | 18,944 | 19,880 |
| Qatar | 35,983 | 35,983 | 40,268 | 40,657 | 42,060 | 42,576 | 44,191 | 55,580 | 59,617 | 60,349 |
| Romania | 8,135 | 7,334 | 6,870 | 7,179 | 7,668 | 8,437 | 8,981 | 8,629 | 8,347 | 8,408 |
| Russia | 10,915 | 10,207 | 9,104 | 8,916 | 8,767 | 9,055 | 8,684 | 9,395 |
| Rwanda | 569 | 546 | 595 | 582 | 373 | 502 | 577 | 644 | 647 | 611 |
| Samoa | 2,688 | 2,697 |
| San Marino |
| São Tomé and Príncipe | 1,553 | 1,579 | 1,580 | 1,616 | 1,655 | 1,692 | 1,717 | 1,731 | 1,762 | 1,799 |
| Saudi Arabia | 27,014 | 28,712 | 29,944 | 30,001 | 30,160 | 30,116 | 30,889 | 31,447 | 31,875 | 31,318 |
| Senegal | 1,486 | 1,532 | 1,544 | 1,555 | 1,541 | 1,625 | 1,644 | 1,677 | 1,755 | 1,843 |
| Serbia |
| Seychelles | 8,235 | 8,632 | 9,419 | 10,133 | 9,832 | 9,940 | 10,971 | 12,375 | 12,575 | 12,739 |
| Sierra Leone | 1,809 | 1,709 | 1,580 | 1,625 | 1,726 | 1,588 | 1,214 | 1,012 | 1,004 | 919 |
| Singapore | 22,214 | 23,814 | 25,205 | 28,041 | 30,835 | 32,731 | 34,394 | 36,645 | 35,034 | 37,263 |
| Slovakia | 7,545 | 8,138 | 8,913 | 9,686 | 10,347 | 10,872 | 11,003 |
| Slovenia | 11,880 | 12,565 | 13,514 | 14,361 | 15,044 | 16,121 | 16,820 | 18,016 |
| Solomon Islands | 1,216 | 1,289 | 1,439 | 1,485 | 1,591 | 1,737 | 1,747 | 1,712 | 1,708 | 1,679 |
| Somalia |
| South Africa | 6,694 | 6,686 | 6,526 | 6,598 | 6,793 | 7,001 | 7,298 | 7,491 | 7,497 | 7,672 |
| South Sudan |
| Spain | 16,192 | 17,117 | 17,598 | 17,724 | 18,475 | 19,594 | 20,388 | 21,485 | 22,618 | 23,903 |
| Sri Lanka | 2,225 | 2,518 | 2,466 | 2,685 | 2,935 | 3,152 | 3,576 | 3,989 | 3,948 | 4,097 |
| Saint Kitts and Nevis | 8,160 | 8,648 | 9,037 | 9,624 | 10,224 | 10,660 | 11,349 | 12,233 | 12,334 | 12,829 |
| Saint Lucia | 7,019 | 7,184 | 7,816 | 7,930 | 8,121 | 8,337 | 8,646 | 8,651 | 9,215 | 9,510 |
| Saint Vincent and the Grenadines | 4,181 | 4,338 | 4,714 | 5,024 | 5,061 | 5,562 | 5,729 | 6,025 | 6,334 | 6,589 |
| Sudan | 1,538 | 1,652 | 1,732 | 1,769 | 1,818 | 2,092 | 2,196 | 2,321 | 2,489 | 2,579 |
| Suriname | 8,121 | 7,142 | 7,489 | 7,398 | 6,934 | 7,775 | 8,688 | 9,331 | 9,515 | 9,437 |
| Sweden | 20,207 | 20,533 | 20,689 | 20,777 | 21,894 | 23,213 | 24,021 | 25,176 | 26,520 | 28,002 |
| Switzerland | 33,578 | 33,969 | 34,256 | 34,688 | 35,576 | 36,272 | 36,878 | 38,252 | 39,733 | 40,786 |
| Syria | 2,864 | 3,183 | 3,582 | 3,830 | 4,020 | 4,217 | 4,314 | 4,239 | 4,418 | 4,236 |
| Taiwan | 9,551 | 10,594 | 11,625 | 12,595 | 13,710 | 14,782 | 15,857 | 16,936 | 17,695 | 19,011 |
| Tajikistan | 1,277 | 1,154 | 921 | 814 | 784 | 798 | 834 | 851 |
| Tanzania | 821 | 838 | 833 | 834 | 838 | 861 | 892 | 917 | 941 | 977 |
| Thailand | 4,311 | 4,775 | 5,281 | 5,822 | 6,363 | 6,954 | 7,399 | 7,234 | 6,675 | 6,998 |
| Timor-Leste |
| Togo | 1,213 | 1,210 | 1,164 | 1,004 | 1,165 | 1,361 | 1,282 | 1,311 | 1,258 | 1,271 |
| Tonga | 2,451 | 2,668 | 2,612 | 2,659 | 2,777 | 3,050 | 3,098 | 3,126 | 3,221 | 3,328 |
| Trinidad and Tobago | 6,314 | 6,687 | 7,484 | 7,567 | 7,967 | 8,412 | 9,153 | 9,993 | 10,910 | 11,932 |
| Tunisia | 3,464 | 3,647 | 3,942 | 4,050 | 4,204 | 4,331 | 4,640 | 4,922 | 5,161 | 5,489 |
| Turkey | 7,256 | 7,444 | 7,937 | 8,638 | 8,210 | 8,847 | 9,495 | 10,232 | 10,516 | 10,171 |
| Turkmenistan | 4,023 | 3,669 | 3,021 | 2,799 | 2,609 | 2,317 | 2,467 | 2,879 |
| Tuvalu |
| Uganda | 639 | 649 | 681 | 719 | 766 | 827 | 869 | 896 | 932 | 989 |
| Ukraine | 8,036 | 7,079 | 5,620 | 5,080 | 4,699 | 4,677 | 4,679 | 4,778 |
| United Arab Emirates | 60,831 | 61,473 | 62,158 | 61,593 | 63,138 | 63,575 | 67,341 | 70,421 | 65,399 | 64,347 |
| United Kingdom | 18,414 | 18,703 | 19,128 | 19,979 | 21,047 | 21,940 | 22,863 | 24,340 | 25,381 | 26,433 |
| United States | 23,848 | 24,303 | 25,393 | 26,364 | 27,674 | 28,671 | 29,947 | 31,440 | 32,834 | 34,496 |
| Uruguay | 6,795 | 7,232 | 7,935 | 8,290 | 8,998 | 8,997 | 9,614 | 10,199 | 10,695 | 10,561 |
| Uzbekistan | 2,182 | 2,133 | 2,026 | 2,013 | 2,045 | 2,121 | 2,203 | 2,297 |
| Vanuatu | 1,449 | 1,515 | 1,559 | 1,577 | 1,679 | 1,687 | 1,714 | 1,783 | 1,778 | 1,764 |
| Venezuela | 9,701 | 10,745 | 11,388 | 11,428 | 11,147 | 11,576 | 11,517 | 12,210 | 12,141 | 11,350 |
| Vietnam | 1,241 | 1,333 | 1,456 | 1,583 | 1,731 | 1,904 | 2,086 | 2,260 | 2,380 | 2,491 |
| Palestine | 2,524 | 2,575 | 2,506 | 2,763 | 3,096 | 3,295 |
| Yemen | 1,845 | 1,951 | 2,078 | 2,131 | 2,237 | 2,327 | 2,398 | 2,493 | 2,595 | 2,655 |
| Zambia | 1,524 | 1,519 | 1,539 | 1,530 | 1,315 | 1,348 | 1,422 | 1,464 | 1,437 | 1,486 |
| Zimbabwe | 2,813 | 2,829 |


## IMF estimates between 2000 and 2009

IMF estimates between 2000 and 2009
| Country (or dependent territory) | 2000 | 2001 | 2002 | 2003 | 2004 | 2005 | 2006 | 2007 | 2008 | 2009 |
| --- | --- | --- | --- | --- | --- | --- | --- | --- | --- | --- |
| Afghanistan | 1,083 | 1,113 | 1,106 | 1,231 | 1,283 | 1,467 | 1,522 | 1,782 |
| Albania | 4,285 | 4,790 | 5,100 | 5,509 | 5,994 | 6,557 | 7,204 | 7,901 | 8,724 | 9,134 |
| Algeria | 7,455 | 7,738 | 8,161 | 8,732 | 9,234 | 9,885 | 10,326 | 10,775 | 11,013 | 10,994 |
| Andorra |
| Angola | 3,754 | 3,871 | 4,321 | 4,407 | 4,869 | 5,532 | 6,153 | 6,886 | 7,495 | 7,413 |
| Antigua and Barbuda | 14,498 | 13,913 | 14,131 | 15,140 | 16,281 | 17,697 | 20,346 | 22,597 | 22,771 | 19,939 |
| Argentina | 13,529 | 13,091 | 11,733 | 12,914 | 14,309 | 15,911 | 17,550 | 19,456 | 20,433 | 19,155 |
| Armenia | 2,908 | 3,277 | 3,833 | 4,472 | 5,090 | 6,031 | 7,061 | 8,277 | 9,052 | 7,846 |
| Aruba | 27,775 | 29,313 | 29,284 | 29,852 | 32,195 | 32,232 | 33,002 | 34,684 | 35,727 | 31,535 |
| Australia | 28,405 | 29,424 | 30,778 | 31,973 | 33,806 | 35,451 | 36,930 | 38,848 | 39,748 | 40,056 |
| Austria | 33,794 | 34,859 | 35,808 | 36,695 | 38,469 | 40,291 | 42,746 | 45,391 | 46,793 | 45,200 |
| Azerbaijan | 3,087 | 3,328 | 3,663 | 4,078 | 4,532 | 5,839 | 7,994 | 10,129 | 11,288 | 12,211 |
| Bahamas | 27,846 | 28,768 | 29,546 | 29,301 | 29,904 | 31,423 | 32,730 | 33,619 | 33,001 | 31,379 |
| Bahrain | 39,280 | 39,687 | 38,767 | 39,055 | 39,821 | 40,639 | 41,276 | 42,426 | 43,152 | 41,805 |
| Bangladesh | 1,690 | 1,782 | 1,846 | 1,937 | 2,060 | 2,230 | 2,420 | 2,628 | 2,808 | 2,934 |
| Barbados | 12,716 | 12,655 | 12,916 | 13,418 | 13,930 | 14,887 | 16,155 | 16,898 | 17,271 | 16,470 |
| Belarus | 5,878 | 6,333 | 6,799 | 7,473 | 8,611 | 9,787 | 11,165 | 12,516 | 14,111 | 14,257 |
| Belgium | 31,325 | 32,306 | 33,218 | 34,073 | 36,097 | 37,914 | 39,830 | 42,121 | 42,791 | 41,847 |
| Belize | 6,300 | 6,598 | 6,868 | 7,465 | 7,819 | 8,044 | 8,433 | 8,716 | 8,518 | 8,309 |
| Benin | 1,806 | 1,887 | 1,946 | 1,992 | 2,072 | 2,106 | 2,189 | 2,315 | 2,403 | 2,402 |
| Bhutan | 3,337 | 3,545 | 3,831 | 4,185 | 4,492 | 4,827 | 5,195 | 5,851 | 6,473 | 6,829 |
| Bolivia | 4,027 | 4,109 | 4,198 | 4,318 | 4,538 | 4,803 | 5,100 | 5,385 | 5,731 | 5,863 |
| Bosnia and Herzegovina | 5,371 | 5,616 | 5,985 | 6,337 | 6,909 | 7,421 | 8,081 | 8,811 | 9,503 | 9,529 |
| Botswana | 8,342 | 8,557 | 9,163 | 9,676 | 9,901 | 10,528 | 11,293 | 12,032 | 12,409 | 10,501 |
| Brazil | 8,334 | 8,527 | 8,813 | 8,982 | 9,644 | 10,151 | 10,762 | 11,605 | 12,309 | 12,252 |
| Brunei | 53,063 | 54,400 | 56,160 | 57,860 | 58,715 | 59,740 | 63,232 | 64,079 | 63,193 | 61,622 |
| Bulgaria | 7,659 | 8,397 | 9,080 | 9,800 | 10,774 | 11,961 | 13,237 | 14,574 | 15,835 | 15,487 |
| Burkina Faso | 953 | 1,008 | 1,036 | 1,104 | 1,148 | 1,247 | 1,324 | 1,373 | 1,438 | 1,446 |
| Burundi | 580 | 585 | 590 | 603 | 623 | 668 | 705 | 727 | 752 | 761 |
| Cape Verde | 3,391 | 3,609 | 3,788 | 4,080 | 4,325 | 4,651 | 5,164 | 6,039 | 6,518 | 6,391 |
| Cambodia | 1,320 | 1,426 | 1,514 | 1,676 | 1,853 | 2,131 | 2,398 | 2,676 | 2,885 | 2,972 |
| Cameroon | 2,161 | 2,225 | 2,307 | 2,405 | 2,561 | 2,602 | 2,702 | 2,811 | 2,867 | 2,880 |
| Canada | 30,078 | 31,004 | 32,081 | 32,996 | 34,605 | 36,489 | 38,219 | 39,670 | 40,405 | 39,019 |
| Central African Republic | 797 | 818 | 830 | 807 | 811 | 841 | 890 | 933 | 955 | 995 |
| Chad | 1,005 | 1,104 | 1,171 | 1,318 | 1,741 | 1,875 | 1,898 | 1,957 | 2,008 | 2,011 |
| Chile | 11,217 | 11,696 | 12,125 | 12,813 | 13,891 | 15,012 | 16,246 | 17,368 | 18,175 | 17,886 |
| China | 2,584 | 2,842 | 3,129 | 3,490 | 3,923 | 4,480 | 5,178 | 6,044 | 6,718 | 7,361 |
| Colombia | 6,681 | 6,857 | 7,049 | 7,377 | 7,882 | 8,388 | 9,118 | 9,882 | 10,288 | 10,356 |
| Comoros | 2,043 | 2,158 | 2,246 | 2,289 | 2,378 | 2,543 | 2,522 | 2,560 | 2,658 | 2,706 |
| Democratic Republic of the Congo | 535 | 520 | 527 | 556 | 595 | 653 | 685 | 739 | 783 | 767 |
| Republic of the Congo | 3,870 | 3,627 | 3,634 | 3,621 | 3,587 | 3,897 | 4,178 | 3,863 | 4,049 | 4,369 |
| Costa Rica | 9,547 | 9,737 | 10,051 | 10,524 | 11,108 | 11,732 | 12,788 | 14,011 | 14,741 | 14,488 |
| Ivory Coast | 3,199 | 3,184 | 3,091 | 3,023 | 3,055 | 3,116 | 3,170 | 3,221 | 3,273 | 3,306 |
| Croatia | 13,613 | 14,624 | 15,708 | 16,911 | 18,083 | 19,432 | 21,043 | 22,715 | 23,620 | 22,076 |
| Cyprus | 24,080 | 25,337 | 26,386 | 27,297 | 29,066 | 30,996 | 32,966 | 34,932 | 36,028 | 34,602 |
| Czech Republic | 18,596 | 19,658 | 20,327 | 21,430 | 23,042 | 25,271 | 27,709 | 29,932 | 31,036 | 29,494 |
| Denmark | 35,679 | 36,698 | 37,304 | 38,101 | 40,107 | 42,232 | 45,064 | 46,573 | 47,024 | 44,668 |
| Djibouti | 2,300 | 2,343 | 2,411 | 2,494 | 2,592 | 2,715 | 2,892 | 3,077 | 3,274 | 3,301 |
| Dominica | 6,768 | 6,915 | 6,829 | 7,411 | 7,848 | 8,153 | 8,802 | 9,622 | 10,513 | 10,462 |
| Dominican Republic | 7,067 | 7,303 | 7,647 | 7,590 | 7,893 | 8,798 | 9,788 | 10,678 | 11,106 | 11,159 |
| Ecuador | 5,647 | 5,922 | 6,203 | 6,394 | 6,891 | 7,360 | 7,774 | 7,990 | 8,526 | 8,520 |
| Egypt | 6,457 | 6,699 | 6,883 | 7,094 | 7,440 | 7,858 | 8,475 | 9,144 | 9,775 | 10,067 |
| El Salvador | 4,875 | 5,004 | 5,142 | 5,312 | 5,495 | 5,819 | 6,262 | 6,541 | 6,782 | 6,656 |
| Equatorial Guinea | 9,515 | 14,950 | 17,435 | 19,523 | 25,052 | 26,759 | 28,083 | 31,764 | 36,422 | 35,476 |
| Eritrea | 1,284 | 1,378 | 1,380 | 1,306 | 1,301 | 1,325 | 1,310 | 1,329 | 1,068 | 1,183 |
| Estonia | 13,032 | 14,220 | 15,516 | 17,131 | 18,901 | 21,473 | 24,439 | 27,125 | 26,301 | 22,636 |
| Eswatini | 4,424 | 4,530 | 4,758 | 4,994 | 5,267 | 5,707 | 6,181 | 6,572 | 6,704 | 6,802 |
| Ethiopia | 609 | 652 | 656 | 638 | 714 | 808 | 905 | 1,005 | 1,101 | 1,188 |
| Fiji | 7,196 | 7,472 | 7,777 | 7,935 | 8,536 | 8,635 | 9,037 | 9,115 | 9,376 | 9,241 |
| Finland | 29,026 | 30,406 | 31,316 | 32,506 | 34,627 | 36,587 | 39,089 | 42,110 | 43,066 | 39,639 |
| France | 29,619 | 30,632 | 31,235 | 31,946 | 33,407 | 34,876 | 36,741 | 38,427 | 39,056 | 38,021 |
| Gabon | 12,645 | 12,885 | 12,790 | 12,941 | 13,110 | 13,088 | 12,911 | 13,690 | 13,676 | 12,954 |
| Gambia | 1,719 | 1,801 | 1,714 | 1,809 | 1,927 | 1,881 | 1,871 | 1,921 | 2,020 | 2,104 |
| Georgia | 3,445 | 3,763 | 4,077 | 4,655 | 5,093 | 5,787 | 6,576 | 7,633 | 8,021 | 7,813 |
| Germany | 32,021 | 33,252 | 33,666 | 34,159 | 35,529 | 37,021 | 39,716 | 42,064 | 43,386 | 41,376 |
| Ghana | 2,194 | 2,271 | 2,354 | 2,463 | 2,603 | 2,785 | 2,967 | 3,099 | 3,366 | 3,500 |
| Greece | 21,246 | 22,496 | 23,628 | 25,426 | 27,370 | 28,320 | 30,746 | 32,521 | 32,962 | 31,642 |
| Grenada | 8,156 | 8,146 | 8,481 | 9,404 | 9,599 | 11,243 | 11,099 | 12,066 | 12,378 | 11,644 |
| Guatemala | 5,550 | 5,712 | 5,887 | 6,024 | 6,246 | 6,516 | 6,935 | 7,426 | 7,669 | 7,608 |
| Guinea | 1,332 | 1,389 | 1,458 | 1,480 | 1,526 | 1,588 | 1,639 | 1,749 | 1,809 | 1,745 |
| Guinea-Bissau | 1,320 | 1,385 | 1,427 | 1,421 | 1,445 | 1,554 | 1,610 | 1,660 | 1,730 | 1,743 |
| Guyana | 5,754 | 6,007 | 6,171 | 6,257 | 6,529 | 6,600 | 7,138 | 7,825 | 8,111 | 8,399 |
| Haiti | 2,195 | 2,200 | 2,222 | 2,308 | 2,302 | 2,409 | 2,486 | 2,630 | 2,707 | 2,837 |
| Honduras | 3,070 | 3,140 | 3,224 | 3,352 | 3,568 | 3,810 | 4,089 | 4,361 | 4,533 | 4,357 |
| Hong Kong | 25,972 | 26,631 | 27,512 | 28,748 | 31,931 | 35,158 | 38,418 | 41,803 | 43,356 | 42,353 |
| Hungary | 14,099 | 15,037 | 16,034 | 17,072 | 18,453 | 19,887 | 21,353 | 22,017 | 22,714 | 21,376 |
| Iceland | 30,435 | 31,877 | 32,188 | 33,307 | 36,605 | 39,654 | 42,544 | 46,193 | 46,935 | 43,072 |
| India | 1,887 | 1,987 | 2,057 | 2,224 | 2,424 | 2,655 | 2,913 | 3,174 | 3,288 | 3,519 |
| Indonesia | 4,124 | 4,309 | 4,509 | 4,750 | 5,051 | 5,428 | 5,821 | 6,268 | 6,768 | 7,030 |
| Iran | 8,275 | 8,520 | 9,199 | 9,940 | 10,489 | 10,995 | 11,714 | 12,824 | 12,971 | 13,015 |
| Iraq | 3,869 | 5,931 | 6,060 | 6,438 | 6,578 | 7,087 | 7,192 |
| Ireland | 35,539 | 37,675 | 39,824 | 41,157 | 44,268 | 47,126 | 49,575 | 52,126 | 49,950 | 47,370 |
| Israel | 22,308 | 22,338 | 22,216 | 22,571 | 23,838 | 25,178 | 26,925 | 28,823 | 29,780 | 29,623 |
| Italy | 31,602 | 32,940 | 33,523 | 34,092 | 35,262 | 36,372 | 38,009 | 39,459 | 39,477 | 37,347 |
| Jamaica | 6,973 | 7,158 | 7,277 | 7,665 | 7,947 | 8,239 | 8,709 | 9,042 | 9,108 | 8,821 |
| Japan | 26,417 | 27,052 | 27,426 | 28,345 | 29,720 | 31,201 | 32,606 | 33,983 | 34,231 | 32,518 |
| Jordan | 6,131 | 6,445 | 6,828 | 7,078 | 7,675 | 8,392 | 8,774 | 9,166 | 9,792 | 10,122 |
| Kazakhstan | 7,473 | 8,688 | 9,687 | 10,761 | 12,027 | 13,487 | 15,229 | 16,840 | 17,516 | 17,371 |
| Kenya | 2,474 | 2,561 | 2,546 | 2,597 | 2,714 | 2,879 | 3,060 | 3,265 | 3,244 | 3,283 |
| Kiribati | 1,550 | 1,507 | 1,525 | 1,503 | 1,506 | 1,545 | 1,649 | 1,708 | 1,653 | 1,637 |
| South Korea | 17,432 | 18,524 | 20,152 | 21,072 | 22,671 | 24,349 | 26,278 | 28,423 | 29,615 | 29,888 |
| Kosovo | 5,006 | 5,351 | 5,272 | 5,420 | 5,277 | 5,619 | 5,916 | 6,489 | 6,652 | 6,918 |
| Kuwait | 35,873 | 36,010 | 36,350 | 42,303 | 46,584 | 56,588 | 60,477 | 63,579 | 57,636 | 53,888 |
| Kyrgyzstan | 2,265 | 2,415 | 2,430 | 2,628 | 2,854 | 2,903 | 3,053 | 3,366 | 3,661 | 3,749 |
| Laos | 2,019 | 2,128 | 2,272 | 2,424 | 2,632 | 2,861 | 3,163 | 3,448 | 3,731 | 3,970 |
| Latvia | 9,390 | 10,332 | 11,393 | 12,715 | 14,280 | 16,501 | 19,233 | 21,906 | 21,770 | 19,032 |
| Lebanon | 11,042 | 11,547 | 11,969 | 12,252 | 13,319 | 13,898 | 14,311 | 15,768 | 17,250 | 18,887 |
| Lesotho | 1,389 | 1,466 | 1,524 | 1,619 | 1,695 | 1,805 | 1,938 | 2,060 | 2,164 | 2,171 |
| Liberia | 1,282 | 1,299 | 1,345 | 958 | 1,003 | 1,068 | 1,154 | 1,289 | 1,338 | 1,361 |
| Libya | 15,686 | 16,210 | 15,611 | 18,217 | 19,477 | 21,903 | 22,243 | 23,891 | 23,898 | 22,679 |
| Lithuania | 10,051 | 11,044 | 12,068 | 13,708 | 15,162 | 17,155 | 19,306 | 22,293 | 23,511 | 20,407 |
| Luxembourg | 72,669 | 75,647 | 78,407 | 81,263 | 85,697 | 89,361 | 96,014 | 105,013 | 105,036 | 100,251 |
| Macau | 38,276 | 41,929 | 47,075 | 59,104 | 62,936 | 69,387 | 77,844 | 80,376 | 82,975 |
| Madagascar | 1,257 | 1,322 | 1,142 | 1,241 | 1,302 | 1,366 | 1,440 | 1,518 | 1,603 | 1,504 |
| Malawi | 718 | 689 | 686 | 723 | 766 | 800 | 839 | 919 | 980 | 1,038 |
| Malaysia | 11,815 | 11,827 | 12,350 | 13,011 | 13,944 | 14,771 | 15,865 | 17,149 | 17,992 | 17,523 |
| Maldives | 9,798 | 9,948 | 10,544 | 12,079 | 12,951 | 11,686 | 14,630 | 15,785 | 17,268 | 15,693 |
| Mali | 1,201 | 1,375 | 1,396 | 1,504 | 1,518 | 1,614 | 1,684 | 1,732 | 1,790 | 1,825 |
| Malta | 20,095 | 20,254 | 20,960 | 22,015 | 22,553 | 23,764 | 24,924 | 26,848 | 28,417 | 27,981 |
| Marshall Islands | 2,140 | 2,377 | 2,540 | 2,534 | 2,561 | 2,650 | 2,722 | 2,880 | 2,678 | 2,804 |
| Mauritania | 3,187 | 3,140 | 3,141 | 3,328 | 3,479 | 3,790 | 4,770 | 4,672 | 4,619 | 4,532 |
| Mauritius | 9,162 | 9,593 | 9,832 | 10,550 | 11,228 | 11,679 | 12,524 | 13,539 | 14,490 | 15,023 |
| Mexico | 13,901 | 13,957 | 13,943 | 14,190 | 14,892 | 15,477 | 16,486 | 17,024 | 17,242 | 16,004 |
| Federated States of Micronesia | 2,165 | 2,260 | 2,311 | 2,405 | 2,397 | 2,537 | 2,623 | 2,662 | 2,657 | 2,717 |
| Moldova | 3,568 | 3,879 | 4,258 | 4,642 | 5,130 | 5,704 | 6,178 | 6,551 | 7,208 | 6,825 |
| Mongolia | 3,304 | 3,492 | 3,683 | 3,984 | 4,430 | 4,810 | 5,296 | 5,832 | 6,300 | 6,093 |
| Montenegro | 8,270 | 8,515 | 8,776 | 9,136 | 9,778 | 10,492 | 11,731 | 12,851 | 14,016 | 13,256 |
| Morocco | 3,618 | 3,925 | 4,064 | 4,348 | 4,619 | 4,842 | 5,310 | 5,531 | 5,896 | 6,108 |
| Mozambique | 444 | 498 | 538 | 571 | 616 | 657 | 723 | 778 | 824 | 855 |
| Myanmar | 822 | 934 | 1,033 | 1,182 | 1,390 | 1,618 | 1,879 | 2,157 | 2,350 | 2,452 |
| Namibia | 5,290 | 5,415 | 5,755 | 5,977 | 6,460 | 6,887 | 7,287 | 7,658 | 7,903 | 7,862 |
| Nauru | 4,350 | 4,513 | 5,388 | 4,348 | 5,245 | 4,896 |
| Nepal | 1,494 | 1,588 | 1,591 | 1,663 | 1,766 | 1,865 | 1,969 | 2,076 | 2,232 | 2,335 |
| Netherlands | 34,898 | 36,233 | 36,616 | 37,174 | 38,785 | 40,694 | 43,358 | 46,194 | 47,946 | 46,245 |
| New Zealand | 23,633 | 24,606 | 25,736 | 26,886 | 28,514 | 30,007 | 31,428 | 33,088 | 33,322 | 32,824 |
| Nicaragua | 3,038 | 3,134 | 3,142 | 3,219 | 3,413 | 3,597 | 3,822 | 4,071 | 4,236 | 4,050 |
| Niger | 699 | 739 | 759 | 763 | 757 | 808 | 850 | 867 | 917 | 905 |
| Nigeria | 2,037 | 2,167 | 2,459 | 2,677 | 2,959 | 3,182 | 3,411 | 3,662 | 3,897 | 4,137 |
| North Macedonia | 7,498 | 7,407 | 7,614 | 7,918 | 8,527 | 9,289 | 10,123 | 11,134 | 12,039 | 12,148 |
| Norway | 41,704 | 43,346 | 44,352 | 45,399 | 48,215 | 50,702 | 53,093 | 55,529 | 56,095 | 54,710 |
| Oman | 25,265 | 26,570 | 26,333 | 25,830 | 26,588 | 27,668 | 29,269 | 30,908 | 33,596 | 34,614 |
| Pakistan | 2,842 | 2,939 | 2,990 | 3,129 | 3,378 | 3,672 | 3,903 | 4,113 | 4,273 | 4,240 |
| Palau | 8,481 | 9,160 | 9,694 | 9,492 | 10,048 | 10,632 | 11,153 | 11,766 | 11,588 | 11,056 |
| Panama | 11,582 | 11,672 | 11,882 | 12,386 | 13,415 | 14,553 | 15,986 | 18,077 | 19,886 | 19,908 |
| Papua New Guinea | 2,068 | 2,061 | 2,040 | 2,215 | 2,234 | 2,347 | 2,423 | 2,622 | 2,604 | 2,736 |
| Paraguay | 6,403 | 6,372 | 6,352 | 6,637 | 6,970 | 7,217 | 7,668 | 8,167 | 8,724 | 8,617 |
| Peru | 4,822 | 4,900 | 5,193 | 5,464 | 5,838 | 6,347 | 6,981 | 7,729 | 8,543 | 8,634 |
| Philippines | 3,230 | 3,332 | 3,437 | 3,609 | 3,872 | 4,112 | 4,380 | 4,706 | 4,916 | 4,931 |
| Poland | 11,838 | 12,254 | 12,628 | 13,336 | 14,387 | 15,366 | 16,818 | 18,509 | 19,663 | 20,333 |
| Portugal | 22,095 | 22,870 | 23,277 | 23,427 | 24,429 | 25,345 | 26,503 | 27,849 | 28,435 | 27,691 |
| Puerto Rico | 20,838 | 23,275 | 24,118 | 25,155 | 26,339 | 26,663 | 27,213 | 27,788 | 27,964 | 27,738 |
| Qatar | 63,609 | 65,955 | 69,545 | 70,339 | 78,927 | 76,976 | 86,252 | 87,909 | 78,088 | 84,231 |
| Romania | 8,850 | 9,532 | 10,512 | 11,075 | 12,621 | 13,713 | 15,361 | 17,020 | 19,417 | 18,635 |
| Russia | 10,619 | 11,458 | 12,245 | 13,466 | 14,876 | 16,386 | 18,331 | 20,472 | 21,971 | 20,371 |
| Rwanda | 660 | 714 | 800 | 814 | 867 | 955 | 1,052 | 1,137 | 1,248 | 1,307 |
| Samoa | 2,884 | 3,150 | 3,360 | 3,583 | 3,770 | 4,120 | 4,310 | 4,420 | 4,634 | 4,605 |
| San Marino | 57,391 | 59,932 | 63,334 | 68,790 | 68,960 | 61,566 |
| São Tomé and Príncipe | 1,816 | 1,869 | 1,908 | 2,031 | 2,117 | 2,281 | 2,498 | 2,575 | 2,778 | 2,820 |
| Saudi Arabia | 32,700 | 32,713 | 32,168 | 34,787 | 37,836 | 40,308 | 41,855 | 42,842 | 45,232 | 43,899 |
| Senegal | 1,912 | 1,991 | 1,975 | 2,074 | 2,173 | 2,279 | 2,343 | 2,409 | 2,479 | 2,495 |
| Serbia | 6,473 | 7,086 | 7,659 | 8,174 | 9,173 | 10,014 | 10,892 | 11,956 | 12,931 | 12,706 |
| Seychelles | 13,461 | 13,439 | 13,560 | 13,004 | 13,022 | 14,573 | 16,096 | 18,161 | 17,722 | 17,567 |
| Sierra Leone | 949 | 1,106 | 1,359 | 1,460 | 1,547 | 1,639 | 1,711 | 1,775 | 1,834 | 1,828 |
| Singapore | 40,838 | 40,211 | 42,052 | 45,499 | 50,727 | 54,867 | 59,754 | 64,179 | 63,181 | 61,761 |
| Slovakia | 11,372 | 12,051 | 12,790 | 13,770 | 14,895 | 16,377 | 18,315 | 20,848 | 22,422 | 21,304 |
| Slovenia | 18,978 | 19,931 | 20,864 | 21,945 | 23,542 | 25,202 | 27,435 | 30,085 | 31,700 | 29,154 |
| Solomon Islands | 1,422 | 1,295 | 1,238 | 1,303 | 1,385 | 1,464 | 1,539 | 1,606 | 1,686 | 1,695 |
| Somalia |
| South Africa | 8,053 | 8,304 | 8,586 | 8,931 | 9,488 | 10,182 | 10,952 | 11,702 | 12,143 | 11,859 |
| South Sudan |
| Spain | 25,465 | 26,918 | 27,646 | 28,488 | 29,697 | 31,133 | 32,866 | 34,272 | 34,628 | 33,251 |
| Sri Lanka | 4,515 | 4,495 | 4,697 | 5,032 | 5,403 | 5,872 | 6,467 | 7,042 | 7,550 | 7,811 |
| Saint Kitts and Nevis | 14,193 | 15,109 | 15,460 | 15,091 | 16,064 | 18,124 | 19,210 | 19,790 | 22,359 | 21,676 |
| Saint Lucia | 9,654 | 9,470 | 9,586 | 10,114 | 11,060 | 11,281 | 12,299 | 12,798 | 13,595 | 13,333 |
| Saint Vincent and the Grenadines | 6,841 | 7,098 | 7,551 | 8,163 | 8,686 | 9,152 | 10,039 | 10,618 | 10,856 | 10,777 |
| Sudan | 2,794 | 3,088 | 3,241 | 3,419 | 3,598 | 3,828 | 4,098 | 4,337 | 4,475 | 4,267 |
| Suriname | 9,513 | 10,069 | 10,486 | 11,163 | 12,084 | 12,927 | 13,936 | 14,856 | 15,556 | 15,908 |
| Sweden | 29,891 | 30,888 | 31,969 | 33,084 | 35,253 | 37,224 | 39,878 | 41,958 | 42,036 | 40,129 |
| Switzerland | 43,180 | 44,654 | 44,965 | 45,442 | 47,528 | 50,072 | 53,443 | 56,666 | 58,653 | 56,840 |
| Syria | 4,319 | 4,457 | 4,662 | 4,524 | 4,816 | 5,108 | 5,397 | 5,716 | 5,939 | 6,176 |
| Taiwan | 20,499 | 20,548 | 21,898 | 23,188 | 25,371 | 27,477 | 29,820 | 32,610 | 33,389 | 32,935 |
| Tajikistan | 928 | 1,027 | 1,116 | 1,230 | 1,369 | 1,475 | 1,593 | 1,726 | 1,858 | 1,900 |
| Tanzania | 1,023 | 1,080 | 1,144 | 1,212 | 1,305 | 1,405 | 1,474 | 1,596 | 1,670 | 1,721 |
| Thailand | 7,398 | 7,753 | 8,289 | 8,992 | 9,748 | 10,407 | 11,193 | 12,053 | 12,432 | 12,360 |
| Timor-Leste | 1,921 | 2,252 | 2,095 | 2,051 | 2,076 | 2,156 | 2,076 | 2,292 | 2,540 | 2,754 |
| Togo | 1,251 | 1,256 | 1,290 | 1,368 | 1,354 | 1,298 | 1,335 | 1,349 | 1,390 | 1,434 |
| Tonga | 3,517 | 3,633 | 3,840 | 3,902 | 3,915 | 3,996 | 4,005 | 4,001 | 4,262 | 4,055 |
| Trinidad and Tobago | 13,011 | 13,747 | 14,894 | 17,210 | 18,872 | 20,509 | 24,028 | 25,613 | 26,841 | 25,578 |
| Tunisia | 5,797 | 6,098 | 6,225 | 6,596 | 7,140 | 7,556 | 8,122 | 8,814 | 9,266 | 9,503 |
| Turkey | 10,965 | 10,427 | 11,136 | 11,870 | 13,221 | 14,679 | 15,981 | 17,032 | 17,274 | 16,304 |
| Turkmenistan | 3,451 | 4,201 | 4,887 | 5,776 | 6,732 | 7,764 | 8,782 | 9,900 | 11,439 | 12,065 |
| Tuvalu | 2,744 | 2,699 | 2,684 | 2,631 | 2,712 | 2,940 | 3,153 | 2,956 |
| Uganda | 1,017 | 1,095 | 1,153 | 1,204 | 1,264 | 1,388 | 1,481 | 1,588 | 1,727 | 1,816 |
| Ukraine | 5,222 | 5,860 | 6,322 | 7,116 | 8,228 | 8,815 | 9,837 | 10,997 | 11,513 | 9,873 |
| United Arab Emirates | 74,850 | 73,391 | 72,197 | 75,545 | 80,251 | 79,486 | 73,731 | 62,979 | 51,025 | 47,898 |
| United Kingdom | 28,109 | 29,368 | 30,230 | 31,655 | 33,131 | 34,834 | 36,513 | 38,178 | 38,500 | 36,688 |
| United States | 36,313 | 37,101 | 37,946 | 39,405 | 41,642 | 44,034 | 46,217 | 47,943 | 48,471 | 47,102 |
| Uruguay | 10,549 | 10,364 | 9,725 | 10,022 | 10,797 | 11,927 | 12,777 | 13,979 | 15,251 | 15,925 |
| Uzbekistan | 2,448 | 2,574 | 2,686 | 2,819 | 3,075 | 3,352 | 3,674 | 4,077 | 4,461 | 4,771 |
| Vanuatu | 1,868 | 1,804 | 1,698 | 1,764 | 1,841 | 1,955 | 2,136 | 2,207 | 2,322 | 2,356 |
| Venezuela | 11,640 | 12,103 | 11,021 | 10,201 | 12,196 | 13,660 | 15,233 | 16,757 | 17,711 | 16,993 |
| Vietnam | 2,684 | 2,895 | 3,107 | 3,369 | 3,695 | 4,060 | 4,436 | 4,835 | 5,158 | 5,417 |
| Palestine | 2,990 | 2,697 | 2,333 | 2,639 | 3,214 | 3,583 | 3,552 | 3,677 | 3,919 | 4,171 |
| Yemen | 2,803 | 2,894 | 2,973 | 3,063 | 3,185 | 3,377 | 3,489 | 3,591 | 3,682 | 3,735 |
| Zambia | 1,536 | 1,605 | 1,652 | 1,747 | 1,860 | 1,990 | 2,138 | 2,297 | 2,435 | 2,582 |
| Zimbabwe | 2,778 | 2,835 | 2,664 | 2,274 | 2,172 | 2,057 | 2,014 | 1,993 | 1,689 | 1,809 |


## IMF estimates between 2010 and 2019

IMF estimates between 2010 and 2019
| Country (or dependent territory) | 2010 | 2011 | 2012 | 2013 | 2014 | 2015 | 2016 | 2017 | 2018 | 2019 |
| --- | --- | --- | --- | --- | --- | --- | --- | --- | --- | --- |
| Afghanistan | 1,900 | 1,990 | 2,218 | 2,303 | 2,320 | 2,292 | 2,303 | 2,339 | 2,436 | 2,589 |
| Albania | 9,635 | 10,111 | 10,463 | 10,767 | 11,172 | 11,560 | 12,076 | 12,771 | 13,498 | 14,618 |
| Algeria | 11,433 | 11,777 | 12,033 | 12,292 | 12,746 | 12,989 | 13,330 | 13,483 | 13,704 | 13,851 |
| Andorra | 50,352 | 51,768 | 50,119 | 49,017 | 50,682 | 51,046 | 52,439 | 52,353 | 54,509 | 56,683 |
| Angola | 7,611 | 7,750 | 8,249 | 8,476 | 8,699 | 8,532 | 8,169 | 8,014 | 8,285 | 8,579 |
| Antigua and Barbuda | 18,380 | 18,154 | 18,844 | 18,773 | 19,233 | 19,395 | 20,072 | 20,616 | 23,420 | 25,082 |
| Argentina | 21,009 | 22,469 | 22,397 | 23,066 | 22,628 | 23,210 | 22,702 | 23,515 | 24,498 | 23,535 |
| Armenia | 8,126 | 8,678 | 9,464 | 9,920 | 10,439 | 10,860 | 10,976 | 12,066 | 12,877 | 14,975 |
| Aruba | 30,974 | 32,439 | 32,222 | 34,361 | 34,040 | 33,794 | 34,440 | 37,525 | 39,287 | 39,110 |
| Australia | 40,951 | 42,292 | 43,922 | 44,940 | 46,227 | 47,068 | 48,007 | 49,292 | 51,307 | 53,598 |
| Austria | 46,481 | 48,667 | 49,687 | 50,242 | 51,053 | 51,533 | 52,388 | 54,068 | 56,656 | 60,719 |
| Azerbaijan | 12,869 | 12,984 | 13,335 | 14,169 | 14,626 | 14,740 | 14,258 | 14,380 | 15,347 | 16,798 |
| Bahamas | 31,810 | 32,338 | 33,618 | 32,879 | 33,726 | 34,029 | 33,675 | 34,875 | 35,705 | 36,264 |
| Bahrain | 42,140 | 45,289 | 47,335 | 48,899 | 49,472 | 49,101 | 49,528 | 50,185 | 51,993 | 56,600 |
| Bangladesh | 3,100 | 3,331 | 3,572 | 3,807 | 4,062 | 4,320 | 4,620 | 4,960 | 5,564 | 6,116 |
| Barbados | 16,233 | 16,399 | 16,574 | 16,620 | 16,884 | 16,847 | 17,264 | 17,551 | 18,180 | 18,371 |
| Belarus | 15,590 | 16,793 | 17,412 | 17,885 | 18,493 | 17,926 | 17,622 | 18,414 | 20,026 | 22,302 |
| Belgium | 43,220 | 44,203 | 45,051 | 45,772 | 47,123 | 48,287 | 49,041 | 50,546 | 52,662 | 56,787 |
| Belize | 8,319 | 8,313 | 8,626 | 8,961 | 9,278 | 9,462 | 9,356 | 9,169 | 9,562 | 10,517 |
| Benin | 2,411 | 2,461 | 2,552 | 2,702 | 2,840 | 2,832 | 2,869 | 2,996 | 3,073 | 3,261 |
| Bhutan | 7,502 | 8,321 | 8,929 | 9,269 | 9,661 | 10,162 | 10,895 | 11,596 | 12,096 | 12,823 |
| Bolivia | 6,081 | 6,426 | 6,775 | 7,247 | 7,659 | 7,986 | 8,283 | 8,659 | 9,110 | 9,336 |
| Bosnia and Herzegovina | 9,803 | 10,218 | 10,492 | 11,150 | 11,491 | 12,125 | 12,663 | 13,334 | 14,395 | 15,744 |
| Botswana | 11,466 | 12,254 | 12,224 | 13,552 | 14,296 | 13,462 | 14,276 | 14,818 | 14,805 | 14,863 |
| Brazil | 13,227 | 13,935 | 14,357 | 14,922 | 15,138 | 14,621 | 14,174 | 14,523 | 15,432 | 16,035 |
| Brunei | 62,884 | 65,472 | 66,401 | 65,342 | 64,129 | 63,712 | 62,002 | 62,579 | 65,329 | 68,074 |
| Bulgaria | 16,044 | 17,122 | 17,675 | 17,974 | 18,572 | 19,512 | 20,442 | 21,537 | 23,088 | 25,616 |
| Burkina Faso | 1,542 | 1,629 | 1,713 | 1,789 | 1,843 | 1,876 | 1,949 | 2,047 | 2,080 | 2,233 |
| Burundi | 784 | 808 | 833 | 863 | 888 | 836 | 813 | 806 | 798 | 828 |
| Cape Verde | 6,517 | 6,873 | 7,037 | 7,162 | 7,297 | 7,393 | 7,750 | 8,214 | 8,169 | 8,893 |
| Cambodia | 3,111 | 3,352 | 3,616 | 3,903 | 4,220 | 4,494 | 4,817 | 5,214 | 5,778 | 6,308 |
| Cameroon | 2,919 | 3,000 | 3,108 | 3,229 | 3,383 | 3,510 | 3,605 | 3,700 | 3,946 | 4,180 |
| Canada | 40,262 | 41,962 | 43,035 | 44,315 | 45,915 | 46,267 | 46,699 | 48,385 | 50,068 | 50,584 |
| Central African Republic | 1,062 | 1,111 | 1,177 | 756 | 773 | 813 | 845 | 884 | 929 | 1,010 |
| Chad | 2,175 | 2,174 | 2,290 | 2,379 | 2,485 | 2,462 | 2,256 | 2,182 | 2,325 | 2,462 |
| Chile | 18,958 | 20,327 | 21,741 | 22,624 | 23,199 | 23,674 | 24,056 | 24,479 | 25,496 | 25,733 |
| China | 8,202 | 9,115 | 9,939 | 10,830 | 11,754 | 12,633 | 13,538 | 14,655 | 15,916 | 17,307 |
| Colombia | 10,834 | 11,702 | 12,263 | 12,986 | 13,677 | 14,075 | 14,345 | 14,617 | 15,481 | 16,349 |
| Comoros | 2,783 | 2,896 | 2,979 | 3,098 | 3,150 | 3,147 | 3,212 | 3,326 | 3,256 | 3,275 |
| Democratic Republic of the Congo | 811 | 862 | 924 | 998 | 1,056 | 1,099 | 1,078 | 1,101 | 1,142 | 1,213 |
| Republic of the Congo | 4,664 | 4,710 | 5,130 | 5,057 | 5,361 | 5,095 | 4,772 | 4,477 | 5,636 | 5,767 |
| Costa Rica | 15,163 | 15,952 | 16,822 | 17,313 | 18,011 | 18,616 | 19,350 | 20,280 | 21,222 | 22,991 |
| Ivory Coast | 3,319 | 3,133 | 3,440 | 3,717 | 3,999 | 4,271 | 4,493 | 4,776 | 5,030 | 5,599 |
| Croatia | 22,123 | 22,640 | 22,599 | 22,979 | 23,397 | 24,413 | 25,727 | 27,391 | 29,157 | 32,332 |
| Cyprus | 34,850 | 34,841 | 33,381 | 31,571 | 31,840 | 33,665 | 36,164 | 38,627 | 40,951 | 44,995 |
| Czech Republic | 30,556 | 31,665 | 31,949 | 32,446 | 33,764 | 35,680 | 36,807 | 39,288 | 41,560 | 45,520 |
| Denmark | 45,734 | 47,070 | 47,773 | 49,069 | 50,340 | 51,577 | 53,222 | 55,427 | 57,357 | 60,682 |
| Djibouti | 3,429 | 3,696 | 3,881 | 4,073 | 4,366 | 4,649 | 4,946 | 5,225 | 5,682 | 6,036 |
| Dominica | 10,675 | 10,990 | 11,155 | 11,203 | 11,807 | 11,470 | 11,890 | 11,589 | 13,051 | 14,291 |
| Dominican Republic | 12,109 | 12,611 | 13,058 | 13,780 | 14,858 | 15,880 | 16,937 | 17,878 | 19,024 | 20,741 |
| Ecuador | 8,810 | 9,576 | 10,131 | 10,852 | 11,308 | 11,234 | 11,084 | 11,770 | 12,167 | 12,531 |
| Egypt | 10,469 | 10,631 | 10,801 | 11,066 | 11,295 | 11,603 | 11,953 | 12,118 | 13,419 | 14,533 |
| El Salvador | 6,853 | 7,234 | 7,547 | 7,816 | 8,057 | 8,297 | 8,563 | 8,889 | 9,121 | 9,667 |
| Equatorial Guinea | 31,259 | 32,509 | 34,337 | 32,083 | 31,452 | 27,724 | 24,557 | 22,720 | 23,009 | 20,202 |
| Eritrea | 1,306 | 1,653 | 1,697 | 1,531 | 2,021 | 1,603 | 1,721 | 1,559 | 1,765 | 1,821 |
| Estonia | 23,525 | 25,916 | 27,466 | 28,525 | 30,047 | 30,882 | 32,130 | 34,507 | 37,121 | 40,586 |
| Eswatini | 7,094 | 7,351 | 7,836 | 8,218 | 8,380 | 8,586 | 8,699 | 8,973 | 9,081 | 9,528 |
| Ethiopia | 1,296 | 1,439 | 1,555 | 1,695 | 1,854 | 2,017 | 2,149 | 2,354 | 2,472 | 2,659 |
| Fiji | 9,581 | 9,991 | 10,269 | 10,896 | 11,655 | 12,241 | 12,605 | 13,310 | 13,627 | 13,506 |
| Finland | 41,197 | 42,861 | 42,787 | 42,887 | 43,230 | 43,670 | 45,091 | 47,277 | 49,270 | 52,311 |
| France | 39,005 | 40,602 | 41,250 | 42,122 | 43,069 | 43,711 | 44,330 | 46,037 | 48,036 | 52,925 |
| Gabon | 13,424 | 14,135 | 14,599 | 15,078 | 15,459 | 15,689 | 15,764 | 15,761 | 16,587 | 17,385 |
| Gambia | 2,189 | 1,992 | 2,071 | 2,102 | 2,046 | 2,085 | 2,083 | 2,157 | 2,397 | 2,533 |
| Georgia | 8,522 | 9,455 | 10,358 | 11,138 | 11,800 | 12,292 | 12,814 | 13,725 | 15,010 | 16,755 |
| Germany | 43,724 | 46,311 | 47,305 | 48,165 | 49,859 | 50,714 | 51,948 | 54,110 | 56,273 | 59,271 |
| Ghana | 3,626 | 4,116 | 4,440 | 4,730 | 4,838 | 4,876 | 4,978 | 5,362 | 5,739 | 6,220 |
| Greece | 30,205 | 27,689 | 26,294 | 26,265 | 27,038 | 27,408 | 27,723 | 28,569 | 29,595 | 31,602 |
| Grenada | 11,741 | 11,890 | 11,868 | 12,242 | 13,273 | 14,166 | 14,726 | 15,577 | 16,507 | 16,943 |
| Guatemala | 7,779 | 8,121 | 8,368 | 8,671 | 9,056 | 9,355 | 9,537 | 9,845 | 10,250 | 11,080 |
| Guinea | 1,792 | 1,883 | 1,980 | 2,041 | 2,099 | 2,146 | 2,343 | 2,566 | 2,718 | 2,971 |
| Guinea-Bissau | 1,849 | 1,996 | 1,955 | 2,009 | 2,020 | 2,117 | 2,202 | 2,298 | 2,276 | 2,319 |
| Guyana | 8,849 | 9,485 | 10,121 | 10,627 | 10,952 | 11,086 | 11,522 | 12,096 | 12,591 | 13,631 |
| Haiti | 2,666 | 2,814 | 2,835 | 2,961 | 3,017 | 3,075 | 3,113 | 3,200 | 3,081 | 3,057 |
| Honduras | 4,483 | 4,659 | 4,851 | 4,980 | 5,130 | 5,284 | 5,446 | 5,711 | 5,729 | 5,888 |
| Hong Kong | 45,407 | 48,183 | 49,487 | 51,603 | 53,640 | 54,999 | 56,204 | 59,088 | 60,615 | 61,119 |
| Hungary | 21,905 | 22,839 | 23,098 | 23,970 | 25,502 | 26,750 | 27,671 | 29,466 | 31,901 | 35,146 |
| Iceland | 42,592 | 45,095 | 46,225 | 48,743 | 49,812 | 51,967 | 55,253 | 57,461 | 58,959 | 62,445 |
| India | 3,812 | 4,039 | 4,281 | 4,573 | 4,936 | 5,316 | 5,741 | 6,169 | 6,743 | 7,182 |
| Indonesia | 7,462 | 7,941 | 8,457 | 8,955 | 9,440 | 9,874 | 10,335 | 10,933 | 11,621 | 12,237 |
| Iran | 13,756 | 14,221 | 13,780 | 13,626 | 14,376 | 14,127 | 15,327 | 15,806 | 15,569 | 13,987 |
| Iraq | 7,546 | 8,075 | 9,136 | 9,749 | 9,540 | 9,813 | 11,204 | 10,939 | 12,860 | 13,063 |
| Ireland | 48,529 | 50,164 | 50,671 | 52,371 | 57,798 | 71,975 | 72,520 | 80,112 | 85,911 | 91,671 |
| Israel | 31,066 | 32,844 | 33,649 | 34,974 | 36,228 | 36,664 | 37,905 | 39,488 | 40,206 | 41,369 |
| Italy | 38,206 | 39,096 | 38,479 | 38,312 | 38,935 | 39,677 | 40,638 | 42,097 | 43,539 | 46,594 |
| Jamaica | 8,769 | 9,053 | 9,151 | 9,316 | 9,525 | 9,683 | 9,914 | 10,144 | 10,363 | 10,412 |
| Japan | 34,250 | 34,900 | 36,118 | 37,533 | 38,364 | 39,369 | 40,048 | 41,518 | 42,247 | 42,818 |
| Jordan | 10,254 | 10,482 | 10,782 | 10,545 | 9,858 | 9,300 | 9,123 | 9,283 | 9,045 | 9,405 |
| Kazakhstan | 18,601 | 20,118 | 21,217 | 22,524 | 23,552 | 23,660 | 23,760 | 24,789 | 25,997 | 29,768 |
| Kenya | 3,507 | 3,677 | 3,829 | 3,945 | 4,115 | 4,269 | 4,390 | 4,527 | 4,774 | 5,042 |
| Kiribati | 1,641 | 1,707 | 1,815 | 1,963 | 1,996 | 2,211 | 2,352 | 2,444 | 2,545 | 2,629 |
| South Korea | 32,202 | 33,817 | 35,140 | 36,746 | 38,346 | 39,623 | 41,105 | 43,156 | 45,511 | 46,511 |
| Kosovo | 7,235 | 7,829 | 8,002 | 8,372 | 8,687 | 9,445 | 9,974 | 10,393 | 11,010 | 11,814 |
| Kuwait | 50,429 | 50,979 | 52,446 | 51,538 | 50,508 | 48,904 | 48,857 | 45,771 | 50,248 | 50,451 |
| Kyrgyzstan | 3,727 | 3,987 | 4,004 | 4,427 | 4,594 | 4,719 | 4,868 | 5,088 | 4,921 | 5,471 |
| Laos | 4,277 | 4,645 | 5,028 | 5,447 | 5,883 | 6,280 | 6,682 | 7,160 | 7,511 | 7,791 |
| Latvia | 18,773 | 20,088 | 22,222 | 23,293 | 24,419 | 25,802 | 26,896 | 28,558 | 30,762 | 33,188 |
| Lebanon | 20,456 | 20,854 | 21,221 | 20,430 | 19,277 | 19,164 | 20,088 | 21,139 | 22,108 | 21,779 |
| Lesotho | 2,294 | 2,443 | 2,599 | 2,672 | 2,756 | 2,853 | 2,914 | 2,866 | 2,840 | 2,756 |
| Liberia | 1,413 | 1,505 | 1,614 | 1,739 | 1,736 | 1,709 | 1,654 | 1,683 | 1,763 | 1,801 |
| Libya | 23,785 | 12,295 | 22,058 | 18,447 | 14,460 | 14,328 | 14,107 | 18,838 | 19,854 | 17,113 |
| Lithuania | 21,427 | 23,737 | 25,437 | 27,087 | 28,762 | 29,892 | 31,350 | 33,737 | 36,377 | 40,590 |
| Luxembourg | 103,481 | 104,697 | 105,700 | 108,410 | 110,576 | 111,438 | 115,391 | 116,089 | 117,649 | 122,612 |
| Macau | 103,142 | 126,877 | 135,192 | 145,885 | 138,827 | 108,168 | 108,774 | 120,113 | 128,075 | 124,750 |
| Madagascar | 1,487 | 1,496 | 1,524 | 1,539 | 1,571 | 1,588 | 1,618 | 1,662 | 1,656 | 1,715 |
| Malawi | 1,092 | 1,136 | 1,146 | 1,192 | 1,246 | 1,258 | 1,262 | 1,299 | 1,282 | 1,356 |
| Malaysia | 18,733 | 19,804 | 20,954 | 21,791 | 23,124 | 24,132 | 25,085 | 26,690 | 28,247 | 29,750 |
| Maldives | 16,690 | 18,189 | 18,653 | 19,956 | 21,526 | 22,216 | 23,507 | 25,193 | 28,336 | 30,275 |
| Mali | 1,885 | 1,923 | 1,887 | 1,906 | 2,012 | 2,089 | 2,162 | 2,245 | 2,307 | 2,438 |
| Malta | 29,851 | 30,698 | 32,353 | 34,563 | 37,239 | 40,239 | 41,271 | 46,441 | 49,009 | 52,471 |
| Marshall Islands | 2,959 | 2,992 | 3,042 | 3,257 | 3,328 | 3,494 | 3,705 | 4,048 | 4,525 | 5,220 |
| Mauritania | 4,589 | 4,756 | 4,938 | 5,107 | 5,292 | 5,500 | 5,493 | 5,807 | 5,932 | 6,176 |
| Mauritius | 15,833 | 16,792 | 17,654 | 18,517 | 19,521 | 20,402 | 21,381 | 22,601 | 23,067 | 24,037 |
| Mexico | 16,748 | 17,425 | 18,129 | 18,356 | 18,914 | 19,394 | 19,728 | 20,263 | 20,685 | 20,742 |
| Federated States of Micronesia | 2,821 | 2,965 | 2,963 | 2,904 | 2,887 | 3,062 | 3,148 | 3,301 | 3,433 | 3,668 |
| Moldova | 7,405 | 8,000 | 8,100 | 8,988 | 9,609 | 9,748 | 10,349 | 11,152 | 11,768 | 13,326 |
| Mongolia | 6,510 | 7,653 | 8,585 | 9,540 | 10,242 | 10,372 | 10,415 | 10,995 | 12,202 | 13,485 |
| Montenegro | 13,755 | 14,472 | 13,873 | 14,891 | 15,405 | 16,379 | 18,245 | 19,753 | 21,228 | 22,457 |
| Morocco | 6,339 | 6,726 | 6,972 | 7,324 | 7,561 | 7,880 | 7,912 | 8,373 | 8,055 | 8,309 |
| Mozambique | 898 | 955 | 1,022 | 1,078 | 1,148 | 1,210 | 1,243 | 1,261 | 1,307 | 1,370 |
| Myanmar | 2,594 | 2,772 | 2,983 | 3,246 | 3,543 | 3,810 | 4,058 | 4,334 | 5,149 | 5,681 |
| Namibia | 8,312 | 8,775 | 9,219 | 9,648 | 10,147 | 10,401 | 10,226 | 10,026 | 9,993 | 9,746 |
| Nauru | 4,770 | 5,467 | 6,957 | 7,026 | 7,646 | 7,581 | 7,682 | 7,179 | 7,462 | 8,617 |
| Nepal | 2,465 | 2,591 | 2,756 | 2,897 | 3,115 | 3,252 | 3,267 | 3,583 | 3,897 | 4,199 |
| Netherlands | 47,168 | 48,759 | 48,962 | 49,633 | 51,160 | 52,508 | 54,041 | 56,201 | 58,992 | 62,571 |
| New Zealand | 33,418 | 34,455 | 35,780 | 36,930 | 38,360 | 39,313 | 40,346 | 41,575 | 41,973 | 44,632 |
| Nicaragua | 4,226 | 4,529 | 4,770 | 5,037 | 5,315 | 5,563 | 5,812 | 6,126 | 5,857 | 5,918 |
| Niger | 957 | 962 | 1,042 | 1,073 | 1,120 | 1,135 | 1,166 | 1,199 | 1,259 | 1,400 |
| Nigeria | 4,535 | 4,727 | 4,888 | 5,101 | 5,372 | 5,421 | 5,244 | 5,242 | 5,318 | 5,590 |
| North Macedonia | 12,790 | 13,421 | 13,662 | 14,354 | 15,175 | 15,949 | 16,612 | 17,161 | 18,460 | 20,223 |
| Norway | 55,066 | 56,082 | 57,921 | 58,826 | 60,364 | 61,472 | 62,220 | 64,427 | 70,095 | 70,822 |
| Oman | 34,520 | 32,984 | 33,271 | 33,457 | 33,296 | 33,875 | 33,848 | 33,453 | 37,749 | 37,035 |
| Pakistan | 4,283 | 4,403 | 4,516 | 4,655 | 4,786 | 4,893 | 5,017 | 5,212 | 5,387 | 5,434 |
| Palau | 11,279 | 12,222 | 12,927 | 12,885 | 13,636 | 14,976 | 15,354 | 15,095 | 15,498 | 15,990 |
| Panama | 20,964 | 23,421 | 25,750 | 27,536 | 28,965 | 30,426 | 31,745 | 33,611 | 32,524 | 33,338 |
| Papua New Guinea | 2,868 | 2,749 | 2,792 | 2,809 | 3,091 | 3,168 | 3,214 | 3,227 | 3,136 | 3,173 |
| Paraguay | 9,539 | 9,998 | 9,959 | 10,805 | 11,405 | 11,678 | 12,115 | 12,741 | 12,885 | 12,888 |
| Peru | 9,398 | 10,124 | 10,868 | 11,608 | 11,980 | 12,339 | 12,753 | 13,072 | 13,516 | 13,977 |
| Philippines | 5,267 | 5,491 | 5,882 | 6,286 | 6,697 | 7,080 | 7,531 | 8,069 | 8,651 | 9,216 |
| Poland | 21,247 | 22,755 | 23,537 | 24,143 | 25,536 | 26,911 | 27,998 | 29,960 | 32,026 | 35,481 |
| Portugal | 28,501 | 28,638 | 28,101 | 28,472 | 29,355 | 30,283 | 31,287 | 33,045 | 34,929 | 37,845 |
| Puerto Rico | 28,101 | 28,911 | 29,816 | 30,579 | 31,248 | 31,752 | 32,232 | 32,937 | 34,662 | 37,380 |
| Qatar | 95,908 | 107,842 | 108,758 | 106,802 | 103,485 | 99,464 | 96,376 | 92,839 | 102,880 | 101,337 |
| Romania | 18,256 | 19,566 | 20,418 | 20,901 | 22,222 | 23,226 | 24,251 | 26,868 | 29,478 | 33,477 |
| Russia | 21,540 | 22,835 | 24,136 | 24,903 | 25,053 | 24,710 | 24,922 | 25,778 | 28,449 | 30,964 |
| Rwanda | 1,377 | 1,487 | 1,602 | 1,666 | 1,756 | 1,884 | 1,968 | 2,033 | 2,195 | 2,412 |
| Samoa | 4,743 | 4,987 | 4,848 | 4,894 | 4,983 | 5,179 | 5,598 | 5,728 | 5,729 | 5,961 |
| San Marino | 57,952 | 53,463 | 49,926 | 49,768 | 49,715 | 51,068 | 52,489 | 53,290 | 56,169 | 59,183 |
| São Tomé and Príncipe | 2,829 | 2,880 | 2,954 | 3,090 | 3,229 | 3,225 | 3,355 | 3,486 | 3,963 | 4,664 |
| Saudi Arabia | 44,339 | 48,000 | 49,417 | 48,817 | 50,313 | 50,387 | 49,919 | 51,238 | 56,700 | 56,188 |
| Senegal | 2,540 | 2,555 | 2,633 | 2,666 | 2,802 | 2,925 | 3,053 | 3,246 | 3,393 | 3,661 |
| Serbia | 13,006 | 13,648 | 13,874 | 14,590 | 14,679 | 15,160 | 15,898 | 16,611 | 17,718 | 19,689 |
| Seychelles | 18,384 | 20,358 | 21,319 | 22,648 | 23,757 | 25,614 | 28,790 | 31,126 | 32,516 | 34,651 |
| Sierra Leone | 1,992 | 2,128 | 2,263 | 2,462 | 2,435 | 2,331 | 2,410 | 2,496 | 2,607 | 2,676 |
| Singapore | 70,331 | 74,670 | 77,509 | 81,299 | 84,861 | 87,158 | 89,969 | 95,628 | 103,900 | 105,542 |
| Slovakia | 22,977 | 24,069 | 24,786 | 25,336 | 26,448 | 28,045 | 28,836 | 30,164 | 31,391 | 33,967 |
| Slovenia | 29,623 | 30,385 | 29,971 | 30,181 | 31,520 | 32,546 | 33,831 | 36,189 | 38,751 | 42,526 |
| Solomon Islands | 1,811 | 1,928 | 1,938 | 2,021 | 2,028 | 2,030 | 2,111 | 2,163 | 2,221 | 2,246 |
| Somalia | 1,653 | 1,728 | 1,757 | 1,804 | 1,749 | 1,896 | 1,715 | 1,727 |
| South Africa | 12,187 | 12,633 | 12,966 | 13,296 | 13,496 | 13,583 | 13,600 | 13,803 | 13,434 | 13,465 |
| South Sudan | 922 | 451 | 565 | 566 | 553 | 470 | 438 | 572 | 583 |
| Spain | 33,546 | 33,893 | 33,513 | 33,722 | 34,934 | 36,726 | 38,123 | 39,858 | 41,062 | 44,055 |
| Sri Lanka | 8,482 | 9,344 | 10,326 | 10,843 | 11,626 | 12,116 | 12,708 | 13,616 | 14,178 | 14,113 |
| Saint Kitts and Nevis | 21,896 | 22,623 | 22,856 | 24,550 | 26,860 | 27,304 | 28,642 | 29,161 | 30,301 | 31,945 |
| Saint Lucia | 13,465 | 14,310 | 14,439 | 14,288 | 14,656 | 14,688 | 15,323 | 16,056 | 17,348 | 18,613 |
| Saint Vincent and the Grenadines | 10,430 | 10,568 | 10,866 | 11,297 | 11,599 | 12,006 | 12,595 | 12,989 | 13,946 | 14,446 |
| Sudan | 4,371 | 5,306 | 4,180 | 4,201 | 4,338 | 4,456 | 4,572 | 4,553 | 4,580 | 4,248 |
| Suriname | 16,683 | 17,849 | 18,495 | 19,062 | 19,149 | 18,526 | 17,524 | 17,884 | 18,140 | 20,028 |
| Sweden | 42,611 | 44,548 | 44,844 | 45,701 | 47,064 | 49,074 | 49,973 | 51,156 | 52,837 | 56,777 |
| Switzerland | 58,734 | 60,429 | 61,637 | 63,181 | 64,939 | 65,779 | 67,066 | 68,481 | 70,974 | 74,042 |
| Syria | 6,375 | | | | | | | | | |
| Taiwan | 36,683 | 38,711 | 40,150 | 41,744 | 44,361 | 45,317 | 46,643 | 48,985 | 50,029 | 52,449 |
| Tajikistan | 2,002 | 2,146 | 2,297 | 2,453 | 2,604 | 2,726 | 2,879 | 3,073 | 3,137 | 3,549 |
| Tanzania | 1,799 | 1,924 | 2,000 | 2,108 | 2,221 | 2,310 | 2,418 | 2,550 | 2,671 | 2,928 |
| Thailand | 13,384 | 13,709 | 14,906 | 15,497 | 15,853 | 16,436 | 17,098 | 18,069 | 19,406 | 20,507 |
| Timor-Leste | 2,985 | 3,158 | 3,298 | 3,384 | 3,527 | 3,587 | 3,685 | 3,581 | 3,693 | 4,699 |
| Togo | 1,496 | 1,573 | 1,660 | 1,741 | 1,825 | 1,894 | 1,972 | 2,037 | 2,122 | 2,274 |
| Tonga | 4,127 | 4,488 | 4,704 | 4,832 | 5,033 | 5,174 | 5,607 | 5,905 | 6,098 | 6,189 |
| Trinidad and Tobago | 26,639 | 26,974 | 28,760 | 30,084 | 31,586 | 31,447 | 29,202 | 28,165 | 28,847 | 29,028 |
| Tunisia | 9,845 | 9,732 | 10,212 | 10,515 | 10,900 | 10,980 | 11,081 | 11,405 | 11,949 | 12,592 |
| Turkey | 17,611 | 19,720 | 20,798 | 22,635 | 23,847 | 25,194 | 25,925 | 28,019 | 28,093 | 28,264 |
| Turkmenistan | 13,935 | 15,745 | 16,886 | 16,565 | 17,143 | 17,359 | 17,139 | 17,521 | 19,068 | 20,050 |
| Tuvalu | 2,881 | 3,121 | 3,009 | 3,186 | 3,301 | 3,652 | 3,871 | 4,139 | 4,265 | 5,084 |
| Uganda | 1,913 | 2,034 | 2,055 | 2,110 | 2,206 | 2,336 | 2,293 | 2,419 | 2,608 | 2,796 |
| Ukraine | 10,445 | 11,279 | 11,537 | 11,763 | 11,834 | 10,819 | 11,235 | 11,761 | 12,795 | 14,483 |
| United Arab Emirates | 50,646 | 54,054 | 55,195 | 58,053 | 60,563 | 64,251 | 67,101 | 67,450 | 74,910 | 76,416 |
| United Kingdom | 37,661 | 38,554 | 39,601 | 40,744 | 42,452 | 43,454 | 44,343 | 46,061 | 47,108 | 49,941 |
| United States | 48,586 | 50,008 | 51,737 | 53,364 | 55,264 | 57,007 | 58,180 | 60,293 | 63,165 | 65,561 |
| Uruguay | 17,281 | 18,461 | 19,392 | 20,555 | 21,505 | 21,701 | 22,193 | 22,899 | 23,611 | 24,894 |
| Uzbekistan | 5,085 | 5,366 | 5,768 | 6,203 | 6,634 | 7,056 | 7,414 | 7,745 | 8,058 | 8,469 |
| Vanuatu | 2,357 | 2,426 | 2,440 | 2,437 | 2,499 | 2,475 | 2,579 | 2,728 | 2,807 | 2,879 |
| Venezuela | 16,695 | 17,494 | 18,552 | 18,851 | 18,176 | 16,971 | 14,170 | 12,271 | 10,622 | 8,115 |
| Vietnam | 5,776 | 6,281 | 6,678 | 7,093 | 7,598 | 8,117 | 8,649 | 9,317 | 10,176 | 11,108 |
| Palestine | 4,354 | 4,750 | 5,010 | 5,210 | 5,171 | 5,293 | 5,689 | 5,747 | 5,851 | 6,127 |
| Yemen | 3,953 | 3,421 | 3,306 | 3,487 | 3,442 | 2,433 | 2,167 | 2,041 | 2,051 | 2,077 |
| Zambia | 2,783 | 2,899 | 3,074 | 3,179 | 3,278 | 3,298 | 3,348 | 3,420 | 3,469 | 3,386 |
| Zimbabwe | 2,176 | 2,512 | 2,848 | 2,875 | 2,919 | 2,937 | 2,926 | 3,070 | 2,839 | 3,252 |


## IMF projections for 2020 through 2029

IMF estimates between 2020 and 2029
| Country (or dependent territory) | 2020 | 2021 | 2022 | 2023 | 2024 | 2025 | 2026 | 2027 | 2028 | 2029 |
| --- | --- | --- | --- | --- | --- | --- | --- | --- | --- | --- |
| Afghanistan | 2,589 | 2,139 | 2,094 | 2,174 | | | | | | |
| Albania | 14,437 | 16,263 | 18,492 | 20,018 | 21,377 | 22,730 | 24,204 | 25,501 | 26,869 | 28,311 |
| Algeria | 12,732 | 14,559 | 15,907 | 16,900 | 17,718 | 18,343 | 18,911 | 19,435 | 19,972 | 20,524 |
| Andorra | 51,672 | 58,459 | 66,890 | 67,396 | 68,612 | 69,597 | 70,554 | 71,510 | 72,477 | 73,457 |
| Angola | 7,833 | 8,870 | 9,568 | 9,674 | 9,801 | 9,911 | 10,072 | 10,240 | 10,413 | 10,594 |
| Antigua and Barbuda | 20,933 | 23,876 | 27,614 | 29,423 | 31,474 | 32,736 | 33,842 | 34,982 | 36,134 | 37,328 |
| Argentina | 22,302 | 26,015 | 29,068 | 29,336 | 28,704 | 30,382 | 32,079 | 33,609 | 35,009 | 36,154 |
| Armenia | 14,706 | 15,922 | 19,415 | 21,532 | 23,376 | 24,968 | 26,574 | 28,278 | 30,089 | 32,018 |
| Aruba | 29,876 | 37,813 | 44,908 | 48,968 | 52,945 | 55,055 | 56,949 | 58,914 | 60,965 | 63,106 |
| Australia | 53,891 | 60,423 | 65,873 | 67,901 | 69,475 | 71,309 | 73,306 | 75,394 | 77,601 | 79,921 |
| Austria | 58,715 | 63,590 | 71,030 | 71,988 | 73,051 | 74,976 | 77,490 | 79,983 | 82,086 | 84,121 |
| Azerbaijan | 15,345 | 20,335 | 22,728 | 23,660 | 24,698 | 25,477 | 26,244 | 27,036 | 27,851 | 28,711 |
| Bahamas | 26,575 | 29,490 | 34,565 | 36,354 | 37,517 | 38,425 | 39,371 | 40,293 | 41,234 | 42,198 |
| Bahrain | 53,436 | 54,940 | 61,395 | 63,498 | 65,345 | 66,967 | 68,455 | 69,874 | 71,344 | 72,908 |
| Bangladesh | 6,705 | 7,486 | 8,494 | 9,212 | 9,840 | 10,367 | 11,263 | 12,192 | 13,128 | 14,115 |
| Barbados | 15,484 | 15,332 | 19,305 | 20,765 | 22,035 | 23,050 | 23,957 | 24,822 | 25,717 | 26,645 |
| Belarus | 24,872 | 27,030 | 27,819 | 30,115 | 32,098 | 33,603 | 35,058 | 36,378 | 37,645 | 38,869 |
| Belgium | 55,809 | 62,292 | 68,373 | 71,035 | 73,222 | 75,187 | 77,339 | 79,471 | 81,672 | 84,001 |
| Belize | 9,587 | 11,579 | 13,685 | 14,088 | 14,958 | 15,363 | 15,779 | 16,169 | 16,559 | 16,945 |
| Benin | 3,354 | 3,575 | 3,961 | 4,244 | 4,501 | 4,741 | 4,980 | 5,230 | 5,480 | 5,737 |
| Bhutan | 13,262 | 13,104 | 14,575 | 15,706 | 16,755 | 18,114 | 19,441 | 20,625 | 21,976 | 23,751 |
| Bolivia | 8,427 | 9,564 | 10,474 | 11,028 | 11,323 | 11,631 | 11,930 | 12,246 | 12,570 | 12,903 |
| Bosnia and Herzegovina | 15,489 | 17,287 | 19,347 | 20,431 | 21,498 | 22,611 | 23,783 | 25,019 | 26,319 | 27,694 |
| Botswana | 14,180 | 16,664 | 18,531 | 19,391 | 19,723 | 20,798 | 21,867 | 22,806 | 23,794 | 24,844 |
| Brazil | 16,063 | 18,028 | 19,824 | 21,052 | 22,123 | 22,928 | 23,799 | 24,728 | 25,724 | 26,771 |
| Brunei | 70,673 | 80,203 | 83,633 | 86,867 | 91,046 | 95,039 | 99,304 | 103,861 | 108,585 | 113,736 |
| Bulgaria | 25,801 | 29,573 | 34,923 | 36,861 | 39,185 | 41,506 | 43,802 | 46,159 | 48,680 | 51,278 |
| Burkina Faso | 2,374 | 2,463 | 2,612 | 2,713 | 2,850 | 2,986 | 3,106 | 3,228 | 3,355 | 3,489 |
| Burundi | 836 | 887 | 939 | 970 | 986 | 1,009 | 1,043 | 1,084 | 1,130 | 1,173 |
| Cape Verde | 7,052 | 7,876 | 9,861 | 10,682 | 11,397 | 12,088 | 12,807 | 13,562 | 14,345 | 15,176 |
| Cambodia | 6,083 | 6,369 | 7,064 | 7,608 | 8,137 | 8,678 | 9,295 | 9,944 | 10,629 | 11,359 |
| Cameroon | 4,314 | 4,739 | 5,137 | 5,361 | 5,566 | 5,764 | 5,979 | 6,224 | 6,489 | 6,764 |
| Canada | 48,630 | 55,807 | 61,041 | 62,266 | 62,766 | 64,566 | 66,606 | 68,604 | 70,397 | 72,006 |
| Central African Republic | 1,093 | 1,159 | 1,251 | 1,291 | 1,296 | 1,314 | 1,343 | 1,373 | 1,402 | 1,432 |
| Chad | 2,240 | 2,422 | 2,612 | 2,758 | 2,832 | 2,910 | 2,990 | 3,060 | 3,131 | 3,202 |
| Chile | 25,237 | 28,777 | 31,225 | 32,204 | 33,574 | 34,789 | 36,101 | 37,438 | 38,809 | 40,233 |
| China | 18,091 | 20,333 | 22,439 | 24,503 | 26,310 | 28,008 | 29,725 | 31,389 | 33,084 | 34,848 |
| Colombia | 15,588 | 17,725 | 20,149 | 20,788 | 21,437 | 22,194 | 23,081 | 24,060 | 25,091 | 26,174 |
| Comoros | 3,229 | 3,364 | 3,571 | 3,726 | 3,861 | 4,000 | 4,158 | 4,330 | 4,503 | 4,661 |
| Democratic Republic of the Congo | 1,223 | 1,446 | 1,632 | 1,774 | 1,842 | 1,908 | 1,967 | 2,040 | 2,100 | 2,160 |
| Republic of the Congo | 4,813 | 5,707 | 6,084 | 6,252 | 6,404 | 6,575 | 6,743 | 6,910 | 7,106 | 7,309 |
| Costa Rica | 21,694 | 23,581 | 26,163 | 28,227 | 29,779 | 31,092 | 32,474 | 33,912 | 35,408 | 36,958 |
| Ivory Coast | 5,610 | 6,097 | 6,745 | 7,214 | 7,648 | 8,055 | 8,487 | 9,033 | 9,524 | 10,014 |
| Croatia | 30,690 | 37,234 | 42,947 | 46,005 | 48,811 | 51,224 | 53,691 | 56,213 | 58,829 | 61,567 |
| Cyprus | 42,991 | 48,704 | 54,289 | 56,628 | 59,858 | 62,288 | 64,809 | 67,435 | 70,184 | 73,090 |
| Czech Republic | 44,823 | 49,944 | 53,448 | 55,207 | 56,686 | 59,205 | 61,903 | 64,569 | 67,279 | 70,087 |
| Denmark | 62,775 | 70,543 | 76,301 | 80,211 | 83,454 | 85,789 | 87,986 | 90,188 | 92,310 | 94,834 |
| Djibouti | 6,263 | 6,654 | 7,304 | 7,989 | 8,601 | 9,169 | 9,736 | 10,340 | 10,985 | 11,671 |
| Dominica | 12,505 | 14,212 | 15,996 | 17,266 | 18,391 | 19,418 | 20,322 | 21,193 | 22,062 | 22,894 |
| Dominican Republic | 20,092 | 23,135 | 25,777 | 27,113 | 28,950 | 30,710 | 32,589 | 34,578 | 36,686 | 38,923 |
| Ecuador | 11,540 | 13,592 | 15,374 | 16,193 | 16,516 | 16,895 | 17,377 | 17,980 | 18,621 | 19,292 |
| Egypt | 16,551 | 16,930 | 19,064 | 20,181 | 20,799 | 21,609 | 22,688 | 23,830 | 25,126 | 26,503 |
| El Salvador | 9,306 | 10,710 | 11,753 | 12,547 | 13,173 | 13,753 | 14,336 | 14,941 | 15,570 | 16,227 |
| Equatorial Guinea | 16,694 | 20,371 | 21,940 | 20,676 | 21,751 | 20,477 | 20,522 | 20,441 | 19,446 | 19,856 |
| Eritrea | 1,821 | | | | | | | | | |
| Estonia | 40,666 | 45,055 | 47,656 | 47,128 | 48,008 | 49,697 | 51,854 | 53,934 | 56,103 | 58,368 |
| Eswatini | 9,510 | 10,680 | 11,374 | 12,232 | 12,963 | 13,605 | 14,179 | 14,703 | 15,217 | 15,723 |
| Ethiopia | 2,870 | 3,103 | 3,461 | 3,784 | 4,045 | 4,317 | 4,636 | 5,006 | 5,419 | 5,853 |
| Fiji | 11,411 | 10,808 | 13,787 | 15,266 | 16,003 | 16,739 | 17,517 | 18,313 | 19,140 | 19,984 |
| Finland | 53,338 | 57,426 | 62,249 | 63,559 | 64,657 | 67,074 | 69,530 | 72,002 | 74,540 | 77,118 |
| France | 51,250 | 55,825 | 61,169 | 63,881 | 65,940 | 67,658 | 69,647 | 71,732 | 73,892 | 76,049 |
| Gabon | 15,952 | 20,624 | 22,486 | 23,346 | 24,129 | 24,682 | 25,243 | 25,804 | 26,372 | 26,967 |
| Gambia | 2,632 | 2,871 | 3,133 | 3,318 | 3,491 | 3,650 | 3,790 | 3,934 | 4,085 | 4,241 |
| Georgia | 16,817 | 18,814 | 22,607 | 24,849 | 27,363 | 29,533 | 31,612 | 33,831 | 36,205 | 38,745 |
| Germany | 58,686 | 62,950 | 67,869 | 69,532 | 70,930 | 72,660 | 74,941 | 77,133 | 79,185 | 81,221 |
| Ghana | 6,265 | 6,844 | 7,449 | 7,746 | 7,975 | 8,263 | 8,609 | 8,973 | 9,356 | 9,755 |
| Greece | 29,034 | 32,680 | 37,729 | 40,048 | 42,066 | 43,801 | 45,428 | 47,013 | 48,629 | 50,260 |
| Grenada | 14,768 | 15,690 | 17,938 | 19,358 | 20,306 | 21,369 | 22,357 | 23,248 | 24,176 | 25,157 |
| Guatemala | 11,271 | 12,166 | 13,387 | 14,158 | 14,791 | 15,386 | 16,025 | 16,704 | 17,412 | 18,148 |
| Guinea | 3,190 | 3,581 | 3,891 | 4,157 | 4,321 | 4,535 | 4,766 | 4,999 | 5,246 | 5,506 |
| Guinea-Bissau | 2,314 | 2,526 | 2,769 | 2,955 | 3,110 | 3,257 | 3,414 | 3,577 | 3,732 | 3,895 |
| Guyana | 17,259 | 22,509 | 39,017 | 53,585 | 78,667 | 91,383 | 109,006 | 133,923 | 154,283 | 175,315 |
| Haiti | 2,971 | 3,005 | 3,123 | 3,133 | 3,039 | 3,084 | 3,146 | 3,209 | 3,273 | 3,338 |
| Honduras | 5,481 | 6,309 | 6,918 | 7,295 | 7,605 | 7,875 | 8,178 | 8,496 | 8,825 | 9,168 |
| Hong Kong | 58,613 | 65,988 | 67,441 | 71,627 | 75,407 | 78,717 | 82,067 | 85,348 | 88,541 | 91,773 |
| Hungary | 34,960 | 38,565 | 43,394 | 44,961 | 46,807 | 49,147 | 51,689 | 54,351 | 57,262 | 60,325 |
| Iceland | 57,754 | 64,495 | 73,940 | 78,250 | 78,808 | 80,318 | 81,701 | 83,193 | 84,794 | 86,450 |
| India | 6,997 | 8,088 | 9,207 | 10,233 | 11,112 | 11,938 | 12,835 | 13,801 | 14,845 | 15,973 |
| Indonesia | 11,930 | 12,948 | 14,446 | 15,554 | 16,542 | 17,520 | 18,568 | 19,683 | 20,871 | 22,140 |
| Iran | 14,729 | 15,735 | 17,318 | 18,658 | 19,607 | 20,369 | 21,105 | 21,779 | 22,394 | 23,029 |
| Iraq | 11,182 | 13,380 | 15,053 | 14,767 | 14,757 | 15,256 | 15,955 | 16,534 | 17,141 | 17,778 |
| Ireland | 97,529 | 116,028 | 131,950 | 126,992 | 127,750 | 131,548 | 135,647 | 139,770 | 144,015 | 148,542 |
| Israel | 41,201 | 46,531 | 52,000 | 53,810 | 54,446 | 55,847 | 58,506 | 60,299 | 62,240 | 64,292 |
| Italy | 44,285 | 50,377 | 56,682 | 59,165 | 60,993 | 62,603 | 64,262 | 65,906 | 67,664 | 69,508 |
| Jamaica | 9,298 | 9,917 | 11,167 | 11,856 | 12,283 | 12,755 | 13,184 | 13,626 | 14,081 | 14,552 |
| Japan | 42,565 | 44,663 | 48,568 | 51,399 | 53,059 | 54,907 | 56,688 | 58,416 | 60,205 | 61,983 |
| Jordan | 9,524 | 9,115 | 9,880 | 10,456 | 10,917 | 11,380 | 11,863 | 12,348 | 12,841 | 13,345 |
| Kazakhstan | 30,165 | 34,233 | 36,661 | 39,463 | 41,366 | 43,610 | 45,477 | 47,510 | 49,021 | 50,931 |
| Kenya | 5,128 | 5,712 | 6,303 | 6,772 | 7,157 | 7,523 | 7,909 | 8,319 | 8,747 | 9,202 |
| Kiribati | 2,606 | 2,910 | 3,187 | 3,387 | 3,612 | 3,771 | 3,905 | 4,012 | 4,108 | 4,206 |
| South Korea | 47,881 | 51,880 | 57,202 | 60,046 | 62,960 | 65,582 | 68,334 | 71,173 | 74,100 | 77,117 |
| Kosovo | 11,230 | 13,182 | 14,826 | 15,864 | 16,852 | 17,835 | 18,884 | 19,971 | 21,119 | 22,313 |
| Kuwait | 42,076 | 52,420 | 52,296 | 50,933 | 49,736 | 51,287 | 52,481 | 53,741 | 55,052 | 56,406 |
| Kyrgyzstan | 5,345 | 5,906 | 6,752 | 7,279 | 7,773 | 8,134 | 8,452 | 8,848 | 9,182 | 9,539 |
| Laos | 7,756 | 8,030 | 8,735 | 9,250 | 9,727 | 10,113 | 10,486 | 10,837 | 11,189 | 11,545 |
| Latvia | 33,605 | 36,608 | 40,753 | 41,938 | 43,527 | 45,447 | 47,534 | 49,709 | 51,983 | 54,363 |
| Lebanon | 13,566 | 10,711 | 11,807 | 12,454 | | | | | | |
| Lesotho | 2,811 | 2,788 | 2,997 | 3,135 | 3,260 | 3,355 | 3,442 | 3,536 | 3,633 | 3,733 |
| Liberia | 1,615 | 1,561 | 1,711 | 1,811 | 1,902 | 2,003 | 2,111 | 2,228 | 2,352 | 2,481 |
| Libya | 11,617 | 13,443 | 13,082 | 14,781 | 15,351 | 17,588 | 18,467 | 18,989 | 19,552 | 20,162 |
| Lithuania | 41,135 | 46,425 | 50,532 | 51,129 | 53,624 | 55,995 | 58,416 | 61,310 | 64,328 | 67,496 |
| Luxembourg | 122,955 | 139,106 | 148,584 | 148,694 | 151,146 | 154,915 | 158,549 | 162,001 | 165,479 | 169,009 |
| Macau | 57,414 | 74,102 | 63,359 | 117,033 | 130,417 | 140,246 | 147,011 | 152,989 | 159,033 | 165,772 |
| Madagascar | 1,578 | 1,685 | 1,827 | 1,911 | 1,990 | 2,062 | 2,139 | 2,221 | 2,311 | 2,404 |
| Malawi | 1,415 | 1,575 | 1,656 | 1,692 | 1,714 | 1,765 | 1,822 | 1,885 | 1,952 | 2,021 |
| Malaysia | 28,696 | 31,385 | 36,517 | 38,694 | 41,022 | 43,095 | 45,315 | 47,462 | 49,740 | 52,155 |
| Maldives | 17,833 | 25,595 | 30,718 | 32,541 | 34,322 | 35,984 | 37,769 | 39,544 | 41,400 | 43,323 |
| Mali | 2,371 | 2,456 | 2,638 | 2,763 | 2,843 | 2,927 | 3,030 | 3,135 | 3,245 | 3,358 |
| Malta | 50,005 | 58,477 | 64,634 | 69,182 | 72,942 | 75,822 | 78,517 | 81,284 | 84,202 | 87,296 |
| Marshall Islands | 5,167 | 5,664 | 6,147 | 6,271 | 6,688 | 6,992 | 7,263 | 7,521 | 7,750 | 7,986 |
| Mauritania | 6,367 | 6,518 | 7,295 | 7,875 | 8,233 | 8,548 | 8,876 | 9,307 | 9,863 | 10,265 |
| Mauritius | 21,326 | 22,782 | 26,630 | 29,511 | 32,063 | 33,954 | 35,972 | 38,102 | 40,356 | 42,744 |
| Mexico | 19,137 | 20,759 | 22,886 | 24,249 | 24,971 | 25,557 | 26,346 | 27,240 | 28,135 | 29,062 |
| Federated States of Micronesia | 3,693 | 4,027 | 4,331 | 4,527 | 4,689 | 4,857 | 5,002 | 5,136 | 5,268 | 5,402 |
| Moldova | 13,533 | 15,735 | 16,308 | 17,320 | 18,524 | 19,909 | 21,561 | 23,477 | 25,567 | 27,840 |
| Mongolia | 13,569 | 14,679 | 16,289 | 17,884 | 19,063 | 20,514 | 21,866 | 23,203 | 24,611 | 25,994 |
| Montenegro | 19,266 | 22,774 | 25,454 | 30,007 | 31,858 | 33,620 | 35,254 | 36,960 | 38,747 | 40,621 |
| Morocco | 7,958 | 8,908 | 9,595 | 10,181 | 10,615 | 11,096 | 11,582 | 12,091 | 12,625 | 13,184 |
| Mozambique | 1,394 | 1,440 | 1,567 | 1,665 | 1,730 | 1,787 | 1,839 | 1,893 | 2,065 | 2,253 |
| Myanmar | 5,843 | 4,688 | 4,793 | 5,061 | 5,206 | 5,330 | 5,475 | 5,632 | 5,804 | 5,992 |
| Namibia | 9,497 | 9,852 | 10,801 | 11,350 | 11,730 | 12,200 | 12,605 | 12,918 | 13,263 | 13,617 |
| Nauru | 8,734 | 9,604 | 10,396 | 10,626 | 10,829 | 10,962 | 11,122 | 11,281 | 11,355 | 11,541 |
| Nepal | 4,180 | 4,461 | 4,964 | 5,153 | 5,348 | 5,614 | 5,897 | 6,196 | 6,511 | 6,843 |
| Netherlands | 62,719 | 69,552 | 77,729 | 79,586 | 81,495 | 83,823 | 86,331 | 89,019 | 91,529 | 94,032 |
| New Zealand | 44,699 | 47,434 | 51,871 | 52,856 | 52,983 | 54,038 | 55,415 | 56,781 | 58,180 | 59,648 |
| Nicaragua | 6,317 | 7,202 | 7,922 | 8,492 | 8,950 | 9,361 | 9,767 | 10,188 | 10,627 | 11,086 |
| Niger | 1,467 | 1,546 | 1,785 | 1,824 | 1,978 | 2,084 | 2,172 | 2,270 | 2,364 | 2,463 |
| Nigeria | 5,558 | 5,677 | 6,124 | 6,367 | 6,543 | 6,706 | 6,866 | 7,054 | 7,248 | 7,447 |
| North Macedonia | 19,962 | 22,373 | 24,572 | 25,718 | 26,912 | 28,720 | 30,756 | 32,934 | 35,270 | 37,779 |
| Norway | 67,047 | 89,096 | 97,238 | 100,154 | 103,446 | 106,540 | 109,626 | 112,674 | 115,557 | 118,482 |
| Oman | 35,774 | 38,829 | 41,459 | 41,559 | 41,652 | 42,362 | 43,634 | 44,772 | 45,769 | 46,784 |
| Pakistan | 5,436 | 5,774 | 6,441 | 6,531 | 6,715 | 6,922 | 7,192 | 7,479 | 7,807 | 8,150 |
| Palau | 15,238 | 14,100 | 14,859 | 15,539 | 17,207 | 19,006 | 20,565 | 21,452 | 22,305 | 23,146 |
| Panama | 27,123 | 30,995 | 36,308 | 39,846 | 41,292 | 42,772 | 44,765 | 46,843 | 49,014 | 51,287 |
| Papua New Guinea | 2,966 | 2,931 | 3,234 | 3,376 | 3,542 | 3,662 | 3,779 | 3,884 | 3,994 | 4,107 |
| Paraguay | 13,029 | 14,005 | 14,827 | 15,869 | 16,642 | 17,357 | 18,057 | 18,782 | 19,536 | 20,319 |
| Peru | 12,965 | 15,338 | 16,690 | 17,025 | 17,775 | 18,389 | 18,975 | 19,575 | 20,195 | 20,833 |
| Philippines | 8,456 | 9,101 | 10,408 | 11,281 | 12,080 | 12,913 | 13,828 | 14,816 | 15,876 | 17,005 |
| Poland | 36,266 | 41,198 | 46,855 | 48,799 | 51,629 | 54,498 | 57,501 | 60,473 | 63,542 | 66,691 |
| Portugal | 35,875 | 39,036 | 44,656 | 47,226 | 49,237 | 51,257 | 53,387 | 55,558 | 57,798 | 60,096 |
| Puerto Rico | 38,285 | 41,354 | 45,883 | 47,718 | 49,594 | 50,343 | 51,483 | 53,220 | 54,794 | 56,528 |
| Qatar | 81,003 | 106,491 | 111,396 | 111,789 | 115,075 | 118,762 | 127,350 | 139,212 | 146,029 | 150,287 |
| Romania | 34,182 | 37,814 | 42,526 | 44,974 | 47,204 | 49,944 | 53,083 | 56,424 | 59,831 | 63,490 |
| Russia | 31,491 | 38,938 | 41,336 | 44,512 | 47,299 | 48,957 | 50,628 | 52,353 | 54,136 | 55,973 |
| Rwanda | 2,357 | 2,815 | 3,190 | 3,511 | 3,747 | 3,976 | 4,234 | 4,526 | 4,857 | 5,214 |
| Samoa | 5,924 | 5,710 | 5,746 | 6,316 | 6,998 | 7,325 | 7,544 | 7,737 | 7,926 | 8,119 |
| San Marino | 56,761 | 65,376 | 75,338 | 78,122 | 80,305 | 82,579 | 84,883 | 87,118 | 89,581 | 92,116 |
| São Tomé and Príncipe | 5,131 | 5,706 | 6,017 | 6,124 | 6,205 | 6,392 | 6,418 | 6,670 | 6,892 | 7,121 |
| Saudi Arabia | 45,434 | 55,768 | 61,441 | 61,933 | 63,118 | 65,885 | 68,658 | 70,999 | 73,343 | 75,786 |
| Senegal | 3,758 | 4,185 | 4,538 | 4,786 | 5,056 | 5,476 | 5,697 | 5,937 | 6,193 | 6,388 |
| Serbia | 20,066 | 22,575 | 25,434 | 27,183 | 29,039 | 30,909 | 32,880 | 34,977 | 37,142 | 39,456 |
| Seychelles | 31,456 | 30,351 | 37,054 | 39,249 | 41,078 | 43,070 | 44,962 | 46,936 | 49,022 | 51,212 |
| Sierra Leone | 2,697 | 2,832 | 3,131 | 3,360 | 3,505 | 3,655 | 3,818 | 3,987 | 4,164 | 4,347 |
| Singapore | 101,612 | 131,864 | 141,913 | 141,554 | 148,186 | 153,609 | 159,324 | 165,037 | 170,892 | 177,229 |
| Slovakia | 35,008 | 37,704 | 41,337 | 43,556 | 45,632 | 47,439 | 49,560 | 51,907 | 54,389 | 56,812 |
| Slovenia | 41,898 | 46,254 | 50,933 | 53,632 | 55,684 | 58,153 | 60,710 | 63,380 | 66,174 | 69,099 |
| Solomon Islands | 2,155 | 2,266 | 2,438 | 2,554 | 2,627 | 2,690 | 2,761 | 2,844 | 2,930 | 3,020 |
| Somalia | 1,639 | 1,583 | 1,695 | 1,780 | 1,844 | 1,900 | 1,959 | 2,020 | 2,088 | 2,161 |
| South Africa | 12,789 | 13,906 | 15,005 | 15,424 | 15,723 | 16,009 | 16,304 | 16,612 | 16,911 | 17,220 |
| South Sudan | 626 | 1,023 | 1,009 | 1,042 | 763 | 960 | 1,188 | 1,233 | 1,280 | 1,329 |
| Spain | 39,331 | 44,170 | 49,945 | 52,908 | 55,089 | 56,659 | 58,159 | 59,609 | 61,143 | 62,774 |
| Sri Lanka | 12,941 | 14,316 | 14,058 | | | | | | | |
| Saint Kitts and Nevis | 26,883 | 26,420 | 31,248 | 33,051 | 35,276 | 37,396 | 39,471 | 41,382 | 43,285 | 45,287 |
| Saint Lucia | 14,830 | 18,981 | 24,327 | 25,598 | 27,052 | 28,080 | 29,085 | 29,959 | 30,772 | 31,607 |
| Saint Vincent and the Grenadines | 14,343 | 15,039 | 16,600 | 18,175 | 19,425 | 20,547 | 21,491 | 22,452 | 23,455 | 24,504 |
| Sudan | 4,455 | 3,761 | 3,829 | 3,158 | 2,513 | 2,701 | 3,042 | 3,229 | 3,387 | 3,513 |
| Suriname | 17,042 | 18,300 | 19,778 | 20,614 | 21,404 | 22,104 | 22,840 | 23,595 | 24,375 | 25,181 |
| Sweden | 57,346 | 62,904 | 67,922 | 70,047 | 71,731 | 74,143 | 76,586 | 79,126 | 81,732 | 84,455 |
| Switzerland | 73,212 | 82,057 | 89,933 | 93,055 | 95,837 | 98,145 | 101,008 | 103,323 | 106,314 | 108,747 |
| Syria | 6,375 | | | | | | | | | |
| Taiwan | 57,680 | 64,375 | 70,875 | 74,409 | 79,031 | 82,615 | 86,327 | 90,139 | 94,091 | 97,875 |
| Tajikistan | 3,760 | 4,114 | 4,673 | 5,148 | 5,533 | 5,789 | 6,062 | 6,350 | 6,654 | 6,975 |
| Tanzania | 3,218 | 3,427 | 3,731 | 3,944 | 4,134 | 4,333 | 4,555 | 4,798 | 5,053 | 5,321 |
| Thailand | 19,669 | 20,759 | 22,757 | 23,981 | 25,212 | 26,416 | 27,581 | 28,850 | 30,169 | 31,539 |
| Timor-Leste | 6,305 | 7,027 | 5,885 | 5,152 | 4,697 | 4,863 | 5,043 | 5,226 | 5,417 | 5,597 |
| Togo | 2,417 | 2,644 | 2,926 | 3,125 | 3,290 | 3,444 | 3,613 | 3,790 | 3,976 | 4,170 |
| Tonga | 6,359 | 6,572 | 7,061 | 7,477 | 7,811 | 8,160 | 8,498 | 8,816 | 9,129 | 9,435 |
| Trinidad and Tobago | 26,005 | 29,966 | 32,410 | 33,791 | 34,987 | 36,302 | 37,163 | 38,498 | 40,136 | 41,809 |
| Tunisia | 11,989 | 12,406 | 13,522 | 13,893 | 14,338 | 14,718 | 15,100 | 15,494 | 15,883 | 16,275 |
| Turkey | 28,602 | 31,439 | 35,293 | 38,391 | 40,283 | 41,914 | 43,865 | 45,977 | 48,334 | 50,918 |
| Turkmenistan | 19,185 | 22,394 | 24,916 | 25,978 | 26,881 | 27,670 | 28,509 | 29,384 | 30,296 | 31,249 |
| Tuvalu | 5,013 | 5,212 | 5,437 | 6,138 | 6,480 | 6,769 | 7,039 | 7,297 | 7,559 | 7,821 |
| Uganda | 2,760 | 3,003 | 3,304 | 3,460 | 3,642 | 3,868 | 4,274 | 4,423 | 4,596 | 4,812 |
| Ukraine | 15,841 | 18,208 | 16,508 | 18,270 | 19,603 | 20,757 | 21,467 | 22,632 | 24,055 | 25,542 |
| United Arab Emirates | 66,188 | 67,523 | 72,297 | 74,714 | 77,251 | 82,000 | 87,094 | 92,177 | 97,293 | 102,610 |
| United Kingdom | 47,988 | 52,673 | 58,712 | 60,735 | 62,574 | 64,384 | 66,334 | 68,302 | 70,278 | 72,305 |
| United States | 64,462 | 71,258 | 77,980 | 82,715 | 86,601 | 89,678 | 92,786 | 96,070 | 99,468 | 102,987 |
| Uruguay | 24,814 | 28,225 | 31,555 | 32,704 | 34,440 | 36,014 | 37,515 | 39,004 | 40,511 | 42,035 |
| Uzbekistan | 8,372 | 9,163 | 10,196 | 10,992 | 11,596 | 12,224 | 12,890 | 13,590 | 14,327 | 15,104 |
| Vanuatu | 2,680 | 2,667 | 2,816 | 2,883 | 2,878 | 2,876 | 2,893 | 2,920 | 2,934 | 2,947 |
| Venezuela | 5,729 | 6,130 | 7,269 | 7,943 | 8,404 | 8,741 | | | | |
| Vietnam | 11,668 | 12,101 | 13,883 | 14,982 | 16,193 | 17,349 | 18,592 | 19,897 | 21,276 | 22,709 |
| Palestine | 5,608 | 5,333 | 5,805 | 5,562 | | | | | | |
| Yemen | 1,880 | 1,903 | 2,027 | 2,013 | 1,996 | 2,017 | 2,152 | 2,284 | 2,415 | 2,542 |
| Zambia | 3,179 | 3,527 | 3,868 | 4,110 | 4,190 | 4,429 | 4,651 | 4,872 | 5,082 | 5,293 |
| Zimbabwe | 3,500 | 4,183 | 4,661 | 4,965 | 5,071 | 5,359 | 5,586 | 5,769 | 5,952 | 6,140 |

